0|0|0|61|76|91||"145431383"|"89618529"
61|76|91|183|183|183|"Wet"|"145431383"|"89618530"
0|0|0|61|76|91||"145431385"|"89618531"
61|76|91|183|183|183|"Wet"|"145431385"|"89618532"
0|0|0|61|76|91||"145431386"|"89618533"
61|76|91|183|183|183|"Wet"|"145431386"|"89618534"
0|0|0|61|76|91||"145431387"|"89618535"
61|76|91|183|183|183|"Wet"|"145431387"|"89618536"
0|0|0|61|76|91||"145431390"|"89618537"
61|76|91|183|183|183|"Wet"|"145431390"|"89618538"
0|0|0|61|76|91||"145431391"|"89618539"
61|76|91|183|183|183|"Wet"|"145431391"|"89618540"
0|0|0|61|76|91||"145431395"|"89618541"
61|76|91|183|183|183|"Wet"|"145431395"|"89618542"
0|0|0|61|76|91||"145431397"|"89618543"
61|76|91|183|183|183|"Wet"|"145431397"|"89618544"
0|0|0|61|76|91||"145431398"|"89618545"
61|76|91|183|183|183|"Wet"|"145431398"|"89618546"
0|0|0|61|76|91||"145431399"|"89618547"
61|76|91|183|183|183|"Wet"|"145431399"|"89618548"
0|0|0|61|76|91||"145431402"|"89618549"
61|76|91|183|183|183|"Wet"|"145431402"|"89618550"
0|0|0|61|76|91||"145431403"|"89618551"
61|76|91|183|183|183|"Wet"|"145431403"|"89618552"
49|67|98|183|183|183||"145431443"|"89618553"
0|0|0|15|31|46||"145431443"|"89618554"
15|31|46|49|67|98|"Wet"|"145431443"|"89618555"
49|67|98|183|183|183||"145431445"|"89618556"
0|0|0|15|31|46||"145431445"|"89618557"
15|31|46|49|67|98|"Wet"|"145431445"|"89618558"
49|67|98|183|183|183||"145431446"|"89618559"
0|0|0|15|31|46||"145431446"|"89618560"
15|31|46|49|67|98|"Wet"|"145431446"|"89618561"
49|67|98|183|183|183||"145431447"|"89618562"
0|0|0|15|31|46||"145431447"|"89618563"
15|31|46|49|67|98|"Wet"|"145431447"|"89618564"
49|67|98|183|183|183||"145431450"|"89618565"
0|0|0|15|31|46||"145431450"|"89618566"
15|31|46|49|67|98|"Wet"|"145431450"|"89618567"
49|67|98|183|183|183||"145431451"|"89618568"
0|0|0|15|31|46||"145431451"|"89618569"
15|31|46|49|67|98|"Wet"|"145431451"|"89618570"
0|0|0|0|15|30||"145431491"|"89618571"
0|15|30|183|183|183|"Wet"|"145431491"|"89618572"
0|0|0|0|15|30||"145431493"|"89618573"
0|15|30|183|183|183|"Wet"|"145431493"|"89618574"
0|0|0|0|15|30||"145431494"|"89618575"
0|15|30|183|183|183|"Wet"|"145431494"|"89618576"
0|0|0|0|15|30||"145431495"|"89618577"
0|15|30|183|183|183|"Wet"|"145431495"|"89618578"
0|0|0|0|15|30||"145431497"|"89618579"
0|15|30|183|183|183|"Wet"|"145431497"|"89618580"
0|0|0|0|15|30||"145431498"|"89618581"
0|15|30|183|183|183|"Wet"|"145431498"|"89618582"
0|0|0|0|15|30||"145431499"|"89618583"
0|15|30|183|183|183|"Wet"|"145431499"|"89618584"
0|0|0|0|15|30||"145431503"|"89618585"
0|15|30|183|183|183|"Wet"|"145431503"|"89618586"
0|0|0|0|15|30||"145431505"|"89618587"
0|15|30|183|183|183|"Wet"|"145431505"|"89618588"
0|0|0|0|15|30||"145431506"|"89618589"
0|15|30|183|183|183|"Wet"|"145431506"|"89618590"
0|0|0|0|15|30||"145431507"|"89618591"
0|15|30|183|183|183|"Wet"|"145431507"|"89618592"
0|0|0|0|15|30||"145431509"|"89618593"
0|15|30|183|183|183|"Wet"|"145431509"|"89618594"
0|0|0|0|15|30||"145431510"|"89618595"
0|15|30|183|183|183|"Wet"|"145431510"|"89618596"
0|0|0|0|15|30||"145431511"|"89618597"
0|15|30|183|183|183|"Wet"|"145431511"|"89618598"
0|0|0|183|183|183|"Wet"|"145431515"|"89618599"
0|0|0|183|183|183|"Wet"|"145431517"|"89618600"
0|0|0|183|183|183|"Wet"|"145431518"|"89618601"
0|0|0|183|183|183|"Wet"|"145431519"|"89618602"
0|0|0|183|183|183|"Wet"|"145431522"|"89618603"
0|0|0|183|183|183|"Wet"|"145431523"|"89618604"
0|0|0|183|183|183|"Wet"|"145431524"|"89618605"
0|0|0|183|183|183|"Wet"|"145431527"|"89618606"
0|0|0|183|183|183|"Wet"|"145431528"|"89618607"
0|0|0|183|183|183|"Wet"|"145431529"|"89618608"
0|0|0|183|183|183|"Wet"|"145431530"|"89618609"
0|0|0|183|183|183|"Wet"|"145431531"|"89618610"
0|0|0|183|183|183|"Wet"|"145431537"|"89618611"
0|0|0|183|183|183|"Wet"|"145431538"|"89618612"
0|0|0|183|183|183|"Wet"|"145431539"|"89618613"
0|0|0|183|183|183|"Wet"|"145431540"|"89618614"
0|0|0|183|183|183|"Wet"|"145431541"|"89618615"
30|49|76|183|183|183||"145431547"|"89618616"
0|0|0|15|31|46||"145431547"|"89618617"
15|31|46|30|49|76|"Wet"|"145431547"|"89618618"
30|49|76|183|183|183||"145431549"|"89618619"
0|0|0|15|31|46||"145431549"|"89618620"
15|31|46|30|49|76|"Wet"|"145431549"|"89618621"
30|49|76|183|183|183||"145431550"|"89618622"
0|0|0|15|31|46||"145431550"|"89618623"
15|31|46|30|49|76|"Wet"|"145431550"|"89618624"
30|49|76|183|183|183||"145431551"|"89618625"
0|0|0|15|31|46||"145431551"|"89618626"
15|31|46|30|49|76|"Wet"|"145431551"|"89618627"
30|49|76|183|183|183||"145431554"|"89618628"
0|0|0|15|31|46||"145431554"|"89618629"
15|31|46|30|49|76|"Wet"|"145431554"|"89618630"
30|49|76|183|183|183||"145431555"|"89618631"
0|0|0|15|31|46||"145431555"|"89618632"
15|31|46|30|49|76|"Wet"|"145431555"|"89618633"
30|49|76|183|183|183||"145431559"|"89618634"
0|0|0|15|31|46||"145431559"|"89618635"
15|31|46|30|49|76|"Wet"|"145431559"|"89618636"
30|49|76|183|183|183||"145431561"|"89618637"
0|0|0|15|31|46||"145431561"|"89618638"
15|31|46|30|49|76|"Wet"|"145431561"|"89618639"
30|49|76|183|183|183||"145431562"|"89618640"
0|0|0|15|31|46||"145431562"|"89618641"
15|31|46|30|49|76|"Wet"|"145431562"|"89618642"
30|49|76|183|183|183||"145431563"|"89618643"
0|0|0|15|31|46||"145431563"|"89618644"
15|31|46|30|49|76|"Wet"|"145431563"|"89618645"
30|49|76|183|183|183||"145431566"|"89618646"
0|0|0|15|31|46||"145431566"|"89618647"
15|31|46|30|49|76|"Wet"|"145431566"|"89618648"
30|49|76|183|183|183||"145431567"|"89618649"
0|0|0|15|31|46||"145431567"|"89618650"
15|31|46|30|49|76|"Wet"|"145431567"|"89618651"
0|0|0|46|54|61||"145431571"|"89618652"
46|54|61|183|183|183|"Wet"|"145431571"|"89618653"
0|0|0|46|54|61||"145431578"|"89618654"
46|54|61|183|183|183|"Wet"|"145431578"|"89618655"
0|0|0|46|54|61||"145431579"|"89618656"
46|54|61|183|183|183|"Wet"|"145431579"|"89618657"
0|0|0|91|137|183||"145431655"|"89618658"
91|137|183|183|183|183|"Wet"|"145431655"|"89618659"
0|0|0|91|137|183||"145431663"|"89618660"
91|137|183|183|183|183|"Wet"|"145431663"|"89618661"
0|0|0|91|137|183||"145431667"|"89618662"
91|137|183|183|183|183|"Wet"|"145431667"|"89618663"
0|0|0|91|137|183||"145431675"|"89618664"
91|137|183|183|183|183|"Wet"|"145431675"|"89618665"
30|49|73|183|183|183||"145431679"|"89618666"
0|0|0|15|31|46||"145431679"|"89618667"
15|31|46|30|49|73|"Wet"|"145431679"|"89618668"
30|49|73|183|183|183||"145431681"|"89618669"
0|0|0|15|31|46||"145431681"|"89618670"
15|31|46|30|49|73|"Wet"|"145431681"|"89618671"
30|49|73|183|183|183||"145431682"|"89618672"
0|0|0|15|31|46||"145431682"|"89618673"
15|31|46|30|49|73|"Wet"|"145431682"|"89618674"
30|49|73|183|183|183||"145431683"|"89618675"
0|0|0|15|31|46||"145431683"|"89618676"
15|31|46|30|49|73|"Wet"|"145431683"|"89618677"
30|49|73|183|183|183||"145431686"|"89618678"
0|0|0|15|31|46||"145431686"|"89618679"
15|31|46|30|49|73|"Wet"|"145431686"|"89618680"
30|49|73|183|183|183||"145431687"|"89618681"
0|0|0|15|31|46||"145431687"|"89618682"
15|31|46|30|49|73|"Wet"|"145431687"|"89618683"
30|49|73|183|183|183||"145431691"|"89618684"
0|0|0|15|31|46||"145431691"|"89618685"
15|31|46|30|49|73|"Wet"|"145431691"|"89618686"
30|49|73|183|183|183||"145431693"|"89618687"
0|0|0|15|31|46||"145431693"|"89618688"
15|31|46|30|49|73|"Wet"|"145431693"|"89618689"
30|49|73|183|183|183||"145431694"|"89618690"
0|0|0|15|31|46||"145431694"|"89618691"
15|31|46|30|49|73|"Wet"|"145431694"|"89618692"
30|49|73|183|183|183||"145431695"|"89618693"
0|0|0|15|31|46||"145431695"|"89618694"
15|31|46|30|49|73|"Wet"|"145431695"|"89618695"
30|49|73|183|183|183||"145431698"|"89618696"
0|0|0|15|31|46||"145431698"|"89618697"
15|31|46|30|49|73|"Wet"|"145431698"|"89618698"
30|49|73|183|183|183||"145431699"|"89618699"
0|0|0|15|31|46||"145431699"|"89618700"
15|31|46|30|49|73|"Wet"|"145431699"|"89618701"
0|0|0|46|54|61||"145431703"|"89618702"
46|54|61|183|183|183|"Wet"|"145431703"|"89618703"
0|0|0|46|54|61||"145431710"|"89618704"
46|54|61|183|183|183|"Wet"|"145431710"|"89618705"
0|0|0|46|54|61||"145431711"|"89618706"
46|54|61|183|183|183|"Wet"|"145431711"|"89618707"
0|0|0|46|54|61||"145431715"|"89618708"
46|54|61|183|183|183|"Wet"|"145431715"|"89618709"
0|0|0|46|54|61||"145431722"|"89618710"
46|54|61|183|183|183|"Wet"|"145431722"|"89618711"
0|0|0|46|54|61||"145431723"|"89618712"
46|54|61|183|183|183|"Wet"|"145431723"|"89618713"
0|0|0|46|54|61||"145431727"|"89618714"
46|54|61|183|183|183|"Wet"|"145431727"|"89618715"
0|0|0|46|54|61||"145431734"|"89618716"
46|54|61|183|183|183|"Wet"|"145431734"|"89618717"
0|0|0|46|54|61||"145431735"|"89618718"
46|54|61|183|183|183|"Wet"|"145431735"|"89618719"
0|0|0|15|31|46||"145431765"|"89618720"
15|31|46|46|75|104|"Wet"|"145431765"|"89618721"
46|75|104|183|183|183||"145431765"|"89618722"
0|0|0|15|31|46||"145431766"|"89618723"
15|31|46|46|75|104|"Wet"|"145431766"|"89618724"
46|75|104|183|183|183||"145431766"|"89618725"
0|0|0|15|31|46||"145431767"|"89618726"
15|31|46|46|75|104|"Wet"|"145431767"|"89618727"
46|75|104|183|183|183||"145431767"|"89618728"
0|0|0|15|31|46||"145431768"|"89618729"
15|31|46|46|75|104|"Wet"|"145431768"|"89618730"
46|75|104|183|183|183||"145431768"|"89618731"
0|0|0|15|31|46||"145431769"|"89618732"
15|31|46|46|75|104|"Wet"|"145431769"|"89618733"
46|75|104|183|183|183||"145431769"|"89618734"
0|0|0|15|31|46||"145431770"|"89618735"
15|31|46|46|75|104|"Wet"|"145431770"|"89618736"
46|75|104|183|183|183||"145431770"|"89618737"
0|0|0|15|31|46||"145431771"|"89618738"
15|31|46|46|75|104|"Wet"|"145431771"|"89618739"
46|75|104|183|183|183||"145431771"|"89618740"
0|0|0|15|31|46||"145431775"|"89618741"
15|31|46|61|82|104|"Wet"|"145431775"|"89618742"
61|82|104|183|183|183||"145431775"|"89618743"
0|0|0|15|31|46||"145431776"|"89618744"
15|31|46|61|82|104|"Wet"|"145431776"|"89618745"
61|82|104|183|183|183||"145431776"|"89618746"
0|0|0|15|31|46||"145431777"|"89618747"
15|31|46|61|82|104|"Wet"|"145431777"|"89618748"
61|82|104|183|183|183||"145431777"|"89618749"
0|0|0|15|31|46||"145431778"|"89618750"
15|31|46|61|82|104|"Wet"|"145431778"|"89618751"
61|82|104|183|183|183||"145431778"|"89618752"
0|0|0|15|31|46||"145431779"|"89618753"
15|31|46|61|82|104|"Wet"|"145431779"|"89618754"
61|82|104|183|183|183||"145431779"|"89618755"
0|0|0|15|31|46||"145431785"|"89618756"
15|31|46|61|82|104|"Wet"|"145431785"|"89618757"
61|82|104|183|183|183||"145431785"|"89618758"
0|0|0|15|31|46||"145431786"|"89618759"
15|31|46|61|82|104|"Wet"|"145431786"|"89618760"
61|82|104|183|183|183||"145431786"|"89618761"
0|0|0|15|31|46||"145431787"|"89618762"
15|31|46|61|82|104|"Wet"|"145431787"|"89618763"
61|82|104|183|183|183||"145431787"|"89618764"
0|0|0|15|31|46||"145431788"|"89618765"
15|31|46|61|82|104|"Wet"|"145431788"|"89618766"
61|82|104|183|183|183||"145431788"|"89618767"
0|0|0|15|31|46||"145431789"|"89618768"
15|31|46|61|82|104|"Wet"|"145431789"|"89618769"
61|82|104|183|183|183||"145431789"|"89618770"
0|0|0|15|31|46||"145431790"|"89618771"
15|31|46|61|82|104|"Wet"|"145431790"|"89618772"
61|82|104|183|183|183||"145431790"|"89618773"
0|0|0|15|31|46||"145431791"|"89618774"
15|31|46|61|82|104|"Wet"|"145431791"|"89618775"
61|82|104|183|183|183||"145431791"|"89618776"
0|0|0|15|31|46||"145431797"|"89618777"
15|31|46|61|82|104|"Wet"|"145431797"|"89618778"
61|82|104|183|183|183||"145431797"|"89618779"
0|0|0|15|31|46||"145431798"|"89618780"
15|31|46|61|82|104|"Wet"|"145431798"|"89618781"
61|82|104|183|183|183||"145431798"|"89618782"
0|0|0|15|31|46||"145431799"|"89618783"
15|31|46|61|82|104|"Wet"|"145431799"|"89618784"
61|82|104|183|183|183||"145431799"|"89618785"
0|0|0|15|31|46||"145431800"|"89618786"
15|31|46|61|82|104|"Wet"|"145431800"|"89618787"
61|82|104|183|183|183||"145431800"|"89618788"
0|0|0|15|31|46||"145431801"|"89618789"
15|31|46|61|82|104|"Wet"|"145431801"|"89618790"
61|82|104|183|183|183||"145431801"|"89618791"
0|0|0|15|31|46||"145431802"|"89618792"
15|31|46|61|82|104|"Wet"|"145431802"|"89618793"
61|82|104|183|183|183||"145431802"|"89618794"
0|0|0|15|31|46||"145431803"|"89618795"
15|31|46|61|82|104|"Wet"|"145431803"|"89618796"
61|82|104|183|183|183||"145431803"|"89618797"
0|0|0|15|31|46||"145431809"|"89618798"
15|31|46|61|82|104|"Wet"|"145431809"|"89618799"
61|82|104|183|183|183||"145431809"|"89618800"
0|0|0|15|31|46||"145431810"|"89618801"
15|31|46|61|82|104|"Wet"|"145431810"|"89618802"
61|82|104|183|183|183||"145431810"|"89618803"
0|0|0|46|54|61||"145431811"|"89618804"
46|54|61|183|183|183|"Wet"|"145431811"|"89618805"
0|0|0|46|54|61||"145431814"|"89618806"
46|54|61|183|183|183|"Wet"|"145431814"|"89618807"
0|0|0|46|54|61||"145431818"|"89618808"
46|54|61|183|183|183|"Wet"|"145431818"|"89618809"
0|0|0|46|54|61||"145431819"|"89618810"
46|54|61|183|183|183|"Wet"|"145431819"|"89618811"
0|0|0|46|54|61||"145431823"|"89618812"
46|54|61|183|183|183|"Wet"|"145431823"|"89618813"
0|0|0|46|54|61||"145431826"|"89618814"
46|54|61|183|183|183|"Wet"|"145431826"|"89618815"
0|0|0|46|54|61||"145431830"|"89618816"
46|54|61|183|183|183|"Wet"|"145431830"|"89618817"
0|0|0|46|54|61||"145431831"|"89618818"
46|54|61|183|183|183|"Wet"|"145431831"|"89618819"
0|0|0|46|54|61||"145431835"|"89618820"
46|54|61|183|183|183|"Wet"|"145431835"|"89618821"
0|0|0|46|54|61||"145431838"|"89618822"
46|54|61|183|183|183|"Wet"|"145431838"|"89618823"
0|0|0|46|54|61||"145431839"|"89618824"
46|54|61|183|183|183|"Wet"|"145431839"|"89618825"
0|0|0|46|54|61||"145431842"|"89618826"
46|54|61|183|183|183|"Wet"|"145431842"|"89618827"
0|0|0|46|54|61||"145431843"|"89618828"
46|54|61|183|183|183|"Wet"|"145431843"|"89618829"
0|0|0|15|31|46||"145431847"|"89618830"
15|31|46|61|81|102|"Wet"|"145431847"|"89618831"
62|81|102|183|183|183||"145431847"|"89618832"
0|0|0|15|31|46||"145431848"|"89618833"
15|31|46|61|81|102|"Wet"|"145431848"|"89618834"
62|81|102|183|183|183||"145431848"|"89618835"
0|0|0|15|31|46||"145431849"|"89618836"
15|31|46|61|81|102|"Wet"|"145431849"|"89618837"
62|81|102|183|183|183||"145431849"|"89618838"
0|0|0|15|31|46||"145431850"|"89618839"
15|31|46|61|81|102|"Wet"|"145431850"|"89618840"
62|81|102|183|183|183||"145431850"|"89618841"
0|0|0|15|31|46||"145431851"|"89618842"
15|31|46|61|81|102|"Wet"|"145431851"|"89618843"
62|81|102|183|183|183||"145431851"|"89618844"
0|0|0|15|31|46||"145431858"|"89618845"
15|31|46|61|81|102|"Wet"|"145431858"|"89618846"
62|81|102|183|183|183||"145431858"|"89618847"
0|0|0|46|54|61||"145431859"|"89618848"
46|54|61|183|183|183|"Wet"|"145431859"|"89618849"
0|0|0|46|54|61||"145431866"|"89618850"
46|54|61|183|183|183|"Wet"|"145431866"|"89618851"
0|0|0|46|54|61||"145431867"|"89618852"
46|54|61|183|183|183|"Wet"|"145431867"|"89618853"
0|0|0|46|54|61||"145431871"|"89618854"
46|54|61|183|183|183|"Wet"|"145431871"|"89618855"
0|0|0|46|54|61||"145431878"|"89618856"
46|54|61|183|183|183|"Wet"|"145431878"|"89618857"
0|0|0|46|54|61||"145431879"|"89618858"
46|54|61|183|183|183|"Wet"|"145431879"|"89618859"
0|0|0|0|8|15||"145431883"|"89618860"
0|8|15|183|183|183|"Wet"|"145431883"|"89618861"
0|0|0|0|8|15||"145431885"|"89618862"
0|8|15|183|183|183|"Wet"|"145431885"|"89618863"
0|0|0|0|8|15||"145431886"|"89618864"
0|8|15|183|183|183|"Wet"|"145431886"|"89618865"
0|0|0|0|8|15||"145431887"|"89618866"
0|8|15|183|183|183|"Wet"|"145431887"|"89618867"
0|0|0|0|8|15||"145431889"|"89618868"
0|8|15|183|183|183|"Wet"|"145431889"|"89618869"
0|0|0|0|8|15||"145431890"|"89618870"
0|8|15|183|183|183|"Wet"|"145431890"|"89618871"
0|0|0|0|8|15||"145431891"|"89618872"
0|8|15|183|183|183|"Wet"|"145431891"|"89618873"
0|0|0|0|8|15||"145431892"|"89618874"
0|8|15|183|183|183|"Wet"|"145431892"|"89618875"
0|0|0|0|8|15||"145431893"|"89618876"
0|8|15|183|183|183|"Wet"|"145431893"|"89618877"
0|0|0|0|8|15||"145431894"|"89618878"
0|8|15|183|183|183|"Wet"|"145431894"|"89618879"
0|0|0|46|54|61||"145431895"|"89618880"
46|54|61|51|64|76|"Wet"|"145431895"|"89618881"
51|64|76|183|183|183||"145431895"|"89618882"
0|0|0|46|54|61||"145431896"|"89618883"
46|54|61|51|64|76|"Wet"|"145431896"|"89618884"
51|64|76|183|183|183||"145431896"|"89618885"
0|0|0|46|54|61||"145431897"|"89618886"
46|54|61|51|64|76|"Wet"|"145431897"|"89618887"
51|64|76|183|183|183||"145431897"|"89618888"
0|0|0|46|54|61||"145431898"|"89618889"
46|54|61|51|64|76|"Wet"|"145431898"|"89618890"
51|64|76|183|183|183||"145431898"|"89618891"
0|0|0|46|54|61||"145431905"|"89618892"
46|54|61|51|64|76|"Wet"|"145431905"|"89618893"
51|64|76|183|183|183||"145431905"|"89618894"
0|0|0|46|54|61||"145431906"|"89618895"
46|54|61|51|64|76|"Wet"|"145431906"|"89618896"
51|64|76|183|183|183||"145431906"|"89618897"
0|0|0|46|54|61||"145431907"|"89618898"
46|54|61|51|64|76|"Wet"|"145431907"|"89618899"
51|64|76|183|183|183||"145431907"|"89618900"
0|0|0|46|54|61||"145431908"|"89618901"
46|54|61|51|64|76|"Wet"|"145431908"|"89618902"
51|64|76|183|183|183||"145431908"|"89618903"
0|0|0|46|54|61||"145431909"|"89618904"
46|54|61|51|64|76|"Wet"|"145431909"|"89618905"
51|64|76|183|183|183||"145431909"|"89618906"
0|0|0|46|54|61||"145431910"|"89618907"
46|54|61|51|64|76|"Wet"|"145431910"|"89618908"
51|64|76|183|183|183||"145431910"|"89618909"
0|0|0|46|54|61||"145431917"|"89618910"
46|54|61|51|64|76|"Wet"|"145431917"|"89618911"
51|64|76|183|183|183||"145431917"|"89618912"
0|0|0|46|54|61||"145431918"|"89618913"
46|54|61|51|64|76|"Wet"|"145431918"|"89618914"
51|64|76|183|183|183||"145431918"|"89618915"
0|0|0|183|183|183|"Wet"|"145431919"|"89618916"
0|0|0|183|183|183|"Wet"|"145431921"|"89618917"
0|0|0|183|183|183|"Wet"|"145431922"|"89618918"
0|0|0|183|183|183|"Wet"|"145431923"|"89618919"
0|0|0|183|183|183|"Wet"|"145431926"|"89618920"
0|0|0|183|183|183|"Wet"|"145431927"|"89618921"
0|0|0|183|183|183|"Wet"|"145431931"|"89618922"
0|0|0|183|183|183|"Wet"|"145431933"|"89618923"
0|0|0|183|183|183|"Wet"|"145431934"|"89618924"
0|0|0|183|183|183|"Wet"|"145431935"|"89618925"
0|0|0|183|183|183|"Wet"|"145431938"|"89618926"
0|0|0|183|183|183|"Wet"|"145431939"|"89618927"
48|62|76|183|183|183||"145432008"|"89618928"
0|0|0|46|54|61||"145432008"|"89618929"
46|54|61|48|62|76|"Wet"|"145432008"|"89618930"
0|0|0|46|54|61||"145432009"|"89618931"
46|54|61|48|62|76|"Wet"|"145432009"|"89618932"
48|62|76|183|183|183||"145432009"|"89618933"
0|0|0|46|54|61||"145432010"|"89618934"
46|54|61|48|62|76|"Wet"|"145432010"|"89618935"
48|62|76|183|183|183||"145432010"|"89618936"
48|62|76|183|183|183||"145432017"|"89618937"
0|0|0|46|54|61||"145432017"|"89618938"
46|54|61|48|62|76|"Wet"|"145432017"|"89618939"
0|0|0|46|54|61||"145432018"|"89618940"
46|54|61|48|62|76|"Wet"|"145432018"|"89618941"
48|62|76|183|183|183||"145432018"|"89618942"
0|0|0|46|54|61||"145432019"|"89618943"
46|54|61|48|62|76|"Wet"|"145432019"|"89618944"
48|62|76|183|183|183||"145432019"|"89618945"
0|0|0|15|38|61||"145432027"|"89618946"
15|38|61|183|183|183|"Wet"|"145432027"|"89618947"
0|0|0|15|38|61||"145432030"|"89618948"
15|38|61|183|183|183|"Wet"|"145432030"|"89618949"
0|0|0|15|38|61||"145432034"|"89618950"
15|38|61|183|183|183|"Wet"|"145432034"|"89618951"
0|0|0|15|31|46||"145432039"|"89618952"
15|31|46|183|183|183|"Wet"|"145432039"|"89618953"
0|0|0|15|31|46||"145432042"|"89618954"
15|31|46|183|183|183|"Wet"|"145432042"|"89618955"
0|0|0|15|31|46||"145432046"|"89618956"
15|31|46|183|183|183|"Wet"|"145432046"|"89618957"
0|0|0|15|31|46||"145432051"|"89618958"
15|31|46|183|183|183|"Wet"|"145432051"|"89618959"
0|0|0|15|31|46||"145432053"|"89618960"
15|31|46|183|183|183|"Wet"|"145432053"|"89618961"
0|0|0|15|31|46||"145432054"|"89618962"
15|31|46|183|183|183|"Wet"|"145432054"|"89618963"
0|0|0|15|31|46||"145432055"|"89618964"
15|31|46|183|183|183|"Wet"|"145432055"|"89618965"
0|0|0|15|31|46||"145432058"|"89618966"
15|31|46|183|183|183|"Wet"|"145432058"|"89618967"
0|0|0|15|31|46||"145432059"|"89618968"
15|31|46|183|183|183|"Wet"|"145432059"|"89618969"
0|0|0|15|31|46||"145432063"|"89618970"
15|31|46|183|183|183|"Wet"|"145432063"|"89618971"
0|0|0|15|31|46||"145432065"|"89618972"
15|31|46|183|183|183|"Wet"|"145432065"|"89618973"
0|0|0|15|31|46||"145432066"|"89618974"
15|31|46|183|183|183|"Wet"|"145432066"|"89618975"
0|0|0|15|31|46||"145432067"|"89618976"
15|31|46|183|183|183|"Wet"|"145432067"|"89618977"
0|0|0|15|31|46||"145432070"|"89618978"
15|31|46|183|183|183|"Wet"|"145432070"|"89618979"
0|0|0|15|31|46||"145432071"|"89618980"
15|31|46|183|183|183|"Wet"|"145432071"|"89618981"
0|0|0|15|31|46||"145432075"|"89618982"
15|31|46|183|183|183|"Wet"|"145432075"|"89618983"
0|0|0|15|31|46||"145432077"|"89618984"
15|31|46|183|183|183|"Wet"|"145432077"|"89618985"
0|0|0|15|31|46||"145432078"|"89618986"
15|31|46|183|183|183|"Wet"|"145432078"|"89618987"
0|0|0|15|31|46||"145432079"|"89618988"
15|31|46|183|183|183|"Wet"|"145432079"|"89618989"
0|0|0|15|31|46||"145432082"|"89618990"
15|31|46|183|183|183|"Wet"|"145432082"|"89618991"
0|0|0|15|31|46||"145432083"|"89618992"
15|31|46|183|183|183|"Wet"|"145432083"|"89618993"
49|61|85|183|183|183||"145432088"|"89618994"
0|0|0|15|31|46||"145432088"|"89618995"
15|31|46|49|61|85|"Wet"|"145432088"|"89618996"
49|61|85|183|183|183||"145432090"|"89618997"
0|0|0|15|31|46||"145432090"|"89618998"
15|31|46|49|61|85|"Wet"|"145432090"|"89618999"
49|61|85|183|183|183||"145432091"|"89619000"
0|0|0|15|31|46||"145432091"|"89619001"
15|31|46|49|61|85|"Wet"|"145432091"|"89619002"
49|61|85|183|183|183||"145432092"|"89619003"
0|0|0|15|31|46||"145432092"|"89619004"
15|31|46|49|61|85|"Wet"|"145432092"|"89619005"
49|61|85|183|183|183||"145432095"|"89619006"
0|0|0|15|31|46||"145432095"|"89619007"
15|31|46|49|61|85|"Wet"|"145432095"|"89619008"
49|61|85|183|183|183||"145432096"|"89619009"
0|0|0|15|31|46||"145432096"|"89619010"
15|31|46|49|61|85|"Wet"|"145432096"|"89619011"
49|61|85|183|183|183||"145432097"|"89619012"
0|0|0|15|31|46||"145432097"|"89619013"
15|31|46|49|61|85|"Wet"|"145432097"|"89619014"
49|61|85|183|183|183||"145432099"|"89619015"
0|0|0|15|31|46||"145432099"|"89619016"
15|31|46|49|61|85|"Wet"|"145432099"|"89619017"
49|61|85|183|183|183||"145432101"|"89619018"
0|0|0|15|31|46||"145432101"|"89619019"
15|31|46|49|61|85|"Wet"|"145432101"|"89619020"
49|61|85|183|183|183||"145432102"|"89619021"
0|0|0|15|31|46||"145432102"|"89619022"
15|31|46|49|61|85|"Wet"|"145432102"|"89619023"
49|61|85|183|183|183||"145432103"|"89619024"
0|0|0|15|31|46||"145432103"|"89619025"
15|31|46|49|61|85|"Wet"|"145432103"|"89619026"
49|61|85|183|183|183||"145432106"|"89619027"
0|0|0|15|31|46||"145432106"|"89619028"
15|31|46|49|61|85|"Wet"|"145432106"|"89619029"
49|61|85|183|183|183||"145432107"|"89619030"
0|0|0|15|31|46||"145432107"|"89619031"
15|31|46|49|61|85|"Wet"|"145432107"|"89619032"
49|61|85|183|183|183||"145432108"|"89619033"
0|0|0|15|31|46||"145432108"|"89619034"
15|31|46|49|61|85|"Wet"|"145432108"|"89619035"
49|61|85|183|183|183||"145432111"|"89619036"
0|0|0|15|31|46||"145432111"|"89619037"
15|31|46|49|61|85|"Wet"|"145432111"|"89619038"
49|61|85|183|183|183||"145432113"|"89619039"
0|0|0|15|31|46||"145432113"|"89619040"
15|31|46|49|61|85|"Wet"|"145432113"|"89619041"
49|61|85|183|183|183||"145432114"|"89619042"
0|0|0|15|31|46||"145432114"|"89619043"
15|31|46|49|61|85|"Wet"|"145432114"|"89619044"
49|61|85|183|183|183||"145432115"|"89619045"
0|0|0|15|31|46||"145432115"|"89619046"
15|31|46|49|61|85|"Wet"|"145432115"|"89619047"
49|61|85|183|183|183||"145432118"|"89619048"
0|0|0|15|31|46||"145432118"|"89619049"
15|31|46|49|61|85|"Wet"|"145432118"|"89619050"
49|61|85|183|183|183||"145432119"|"89619051"
0|0|0|15|31|46||"145432119"|"89619052"
15|31|46|49|61|85|"Wet"|"145432119"|"89619053"
49|61|85|183|183|183||"145432120"|"89619054"
0|0|0|15|31|46||"145432120"|"89619055"
15|31|46|49|61|85|"Wet"|"145432120"|"89619056"
0|0|0|183|183|183|"Wet"|"145432123"|"89619057"
0|0|0|183|183|183|"Wet"|"145432125"|"89619058"
0|0|0|183|183|183|"Wet"|"145432126"|"89619059"
0|0|0|183|183|183|"Wet"|"145432127"|"89619060"
0|0|0|183|183|183|"Wet"|"145432130"|"89619061"
0|0|0|183|183|183|"Wet"|"145432131"|"89619062"
0|0|0|183|183|183|"Wet"|"145432132"|"89619063"
0|0|0|0|8|15||"145432135"|"89619064"
0|8|15|51|76|102|"Wet"|"145432135"|"89619065"
0|0|0|0|8|15||"145432136"|"89619066"
0|8|15|51|76|102|"Wet"|"145432136"|"89619067"
0|0|0|0|8|15||"145432137"|"89619068"
0|8|15|51|76|102|"Wet"|"145432137"|"89619069"
0|0|0|0|8|15||"145432138"|"89619070"
0|8|15|51|76|102|"Wet"|"145432138"|"89619071"
0|0|0|0|8|15||"145432139"|"89619072"
0|8|15|51|76|102|"Wet"|"145432139"|"89619073"
0|0|0|0|8|15||"145432140"|"89619074"
0|8|15|51|76|102|"Wet"|"145432140"|"89619075"
0|0|0|0|8|15||"145432144"|"89619076"
0|8|15|51|76|102|"Wet"|"145432144"|"89619077"
0|0|0|0|8|15||"145432145"|"89619078"
0|8|15|51|76|102|"Wet"|"145432145"|"89619079"
0|0|0|0|8|15||"145432146"|"89619080"
0|8|15|51|76|102|"Wet"|"145432146"|"89619081"
0|0|0|46|54|61||"145432147"|"89619082"
46|54|61|183|183|183|"Wet"|"145432147"|"89619083"
0|0|0|46|54|61||"145432154"|"89619084"
46|54|61|183|183|183|"Wet"|"145432154"|"89619085"
0|0|0|46|54|61||"145432155"|"89619086"
46|54|61|183|183|183|"Wet"|"145432155"|"89619087"
0|0|0|0|31|61||"145432159"|"89619088"
0|31|61|183|183|183|"Wet"|"145432159"|"89619089"
0|0|0|0|31|61||"145432161"|"89619090"
0|31|61|183|183|183|"Wet"|"145432161"|"89619091"
0|0|0|0|31|61||"145432162"|"89619092"
0|31|61|183|183|183|"Wet"|"145432162"|"89619093"
0|0|0|0|31|61||"145432163"|"89619094"
0|31|61|183|183|183|"Wet"|"145432163"|"89619095"
0|0|0|0|31|61||"145432166"|"89619096"
0|31|61|183|183|183|"Wet"|"145432166"|"89619097"
0|0|0|0|31|61||"145432167"|"89619098"
0|31|61|183|183|183|"Wet"|"145432167"|"89619099"
0|0|0|0|31|61||"145432168"|"89619100"
0|31|61|183|183|183|"Wet"|"145432168"|"89619101"
0|0|0|0|31|61||"145432171"|"89619102"
0|31|61|183|183|183|"Wet"|"145432171"|"89619103"
0|0|0|0|31|61||"145432173"|"89619104"
0|31|61|183|183|183|"Wet"|"145432173"|"89619105"
0|0|0|0|31|61||"145432174"|"89619106"
0|31|61|183|183|183|"Wet"|"145432174"|"89619107"
0|0|0|0|31|61||"145432175"|"89619108"
0|31|61|183|183|183|"Wet"|"145432175"|"89619109"
0|0|0|0|31|61||"145432178"|"89619110"
0|31|61|183|183|183|"Wet"|"145432178"|"89619111"
0|0|0|0|31|61||"145432179"|"89619112"
0|31|61|183|183|183|"Wet"|"145432179"|"89619113"
0|0|0|0|31|61||"145432180"|"89619114"
0|31|61|183|183|183|"Wet"|"145432180"|"89619115"
0|0|0|15|31|46||"145432183"|"89619116"
15|31|46|183|183|183|"Wet"|"145432183"|"89619117"
0|0|0|15|31|46||"145432185"|"89619118"
15|31|46|183|183|183|"Wet"|"145432185"|"89619119"
0|0|0|15|31|46||"145432186"|"89619120"
15|31|46|183|183|183|"Wet"|"145432186"|"89619121"
0|0|0|15|31|46||"145432187"|"89619122"
15|31|46|183|183|183|"Wet"|"145432187"|"89619123"
0|0|0|15|31|46||"145432190"|"89619124"
15|31|46|183|183|183|"Wet"|"145432190"|"89619125"
0|0|0|15|31|46||"145432191"|"89619126"
15|31|46|183|183|183|"Wet"|"145432191"|"89619127"
30|55|61|183|183|183||"145432195"|"89619128"
0|0|0|15|31|46||"145432195"|"89619129"
15|31|46|30|55|61|"Wet"|"145432195"|"89619130"
30|55|61|183|183|183||"145432198"|"89619131"
0|0|0|15|31|46||"145432198"|"89619132"
15|31|46|30|55|61|"Wet"|"145432198"|"89619133"
30|55|61|183|183|183||"145432199"|"89619134"
0|0|0|15|31|46||"145432199"|"89619135"
15|31|46|30|55|61|"Wet"|"145432199"|"89619136"
30|55|61|183|183|183||"145432202"|"89619137"
0|0|0|15|31|46||"145432202"|"89619138"
15|31|46|30|55|61|"Wet"|"145432202"|"89619139"
30|55|61|183|183|183||"145432203"|"89619140"
0|0|0|15|31|46||"145432203"|"89619141"
15|31|46|30|55|61|"Wet"|"145432203"|"89619142"
30|55|61|183|183|183||"145432207"|"89619143"
0|0|0|15|31|46||"145432207"|"89619144"
15|31|46|30|55|61|"Wet"|"145432207"|"89619145"
30|55|61|183|183|183||"145432210"|"89619146"
0|0|0|15|31|46||"145432210"|"89619147"
15|31|46|30|55|61|"Wet"|"145432210"|"89619148"
30|55|61|183|183|183||"145432211"|"89619149"
0|0|0|15|31|46||"145432211"|"89619150"
15|31|46|30|55|61|"Wet"|"145432211"|"89619151"
30|55|61|183|183|183||"145432214"|"89619152"
0|0|0|15|31|46||"145432214"|"89619153"
15|31|46|30|55|61|"Wet"|"145432214"|"89619154"
30|55|61|183|183|183||"145432215"|"89619155"
0|0|0|15|31|46||"145432215"|"89619156"
15|31|46|30|55|61|"Wet"|"145432215"|"89619157"
0|0|0|46|54|61||"145432219"|"89619158"
46|54|61|51|86|122|"Wet"|"145432219"|"89619159"
51|86|122|102|127|152||"145432219"|"89619160"
0|0|0|46|54|61||"145432226"|"89619161"
46|54|61|51|86|122|"Wet"|"145432226"|"89619162"
51|86|122|102|127|152||"145432226"|"89619163"
0|0|0|46|54|61||"145432227"|"89619164"
46|54|61|51|86|122|"Wet"|"145432227"|"89619165"
51|86|122|102|127|152||"145432227"|"89619166"
0|0|0|46|54|61||"145432231"|"89619167"
46|54|61|51|86|122|"Wet"|"145432231"|"89619168"
51|86|122|102|127|152||"145432231"|"89619169"
0|0|0|46|54|61||"145432238"|"89619170"
46|54|61|51|86|122|"Wet"|"145432238"|"89619171"
51|86|122|102|127|152||"145432238"|"89619172"
0|0|0|46|54|61||"145432239"|"89619173"
46|54|61|51|86|122|"Wet"|"145432239"|"89619174"
51|86|122|102|127|152||"145432239"|"89619175"
0|0|0|46|54|61||"145432243"|"89619176"
46|54|61|183|183|183|"Wet"|"145432243"|"89619177"
0|0|0|46|54|61||"145432250"|"89619178"
46|54|61|183|183|183|"Wet"|"145432250"|"89619179"
0|0|0|46|54|61||"145432251"|"89619180"
46|54|61|183|183|183|"Wet"|"145432251"|"89619181"
0|0|0|91|137|183||"145432255"|"89619182"
91|137|183|183|183|183|"Wet"|"145432255"|"89619183"
0|0|0|91|137|183||"145432258"|"89619184"
91|137|183|183|183|183|"Wet"|"145432258"|"89619185"
0|0|0|91|137|183||"145432262"|"89619186"
91|137|183|183|183|183|"Wet"|"145432262"|"89619187"
0|0|0|15|31|46||"145432291"|"89619188"
15|31|46|25|39|56|"Wet"|"145432291"|"89619189"
25|39|56|183|183|183||"145432291"|"89619190"
0|0|0|15|31|46||"145432292"|"89619191"
15|31|46|25|39|56|"Wet"|"145432292"|"89619192"
25|39|56|183|183|183||"145432292"|"89619193"
0|0|0|15|31|46||"145432293"|"89619194"
15|31|46|25|39|56|"Wet"|"145432293"|"89619195"
25|39|56|183|183|183||"145432293"|"89619196"
0|0|0|15|31|46||"145432294"|"89619197"
15|31|46|25|39|56|"Wet"|"145432294"|"89619198"
25|39|56|183|183|183||"145432294"|"89619199"
0|0|0|15|31|46||"145432295"|"89619200"
15|31|46|25|39|56|"Wet"|"145432295"|"89619201"
25|39|56|183|183|183||"145432295"|"89619202"
0|0|0|15|31|46||"145432301"|"89619203"
15|31|46|25|39|56|"Wet"|"145432301"|"89619204"
25|39|56|183|183|183||"145432301"|"89619205"
0|0|0|15|31|46||"145432302"|"89619206"
15|31|46|25|39|56|"Wet"|"145432302"|"89619207"
25|39|56|183|183|183||"145432302"|"89619208"
30|46|61|183|183|183||"145432303"|"89619209"
0|0|0|15|31|46||"145432303"|"89619210"
15|31|46|30|46|61|"Wet"|"145432303"|"89619211"
30|46|61|183|183|183||"145432306"|"89619212"
0|0|0|15|31|46||"145432306"|"89619213"
15|31|46|30|46|61|"Wet"|"145432306"|"89619214"
30|46|61|183|183|183||"145432307"|"89619215"
0|0|0|15|31|46||"145432307"|"89619216"
15|31|46|30|46|61|"Wet"|"145432307"|"89619217"
30|46|61|183|183|183||"145432310"|"89619218"
0|0|0|15|31|46||"145432310"|"89619219"
15|31|46|30|46|61|"Wet"|"145432310"|"89619220"
39|50|61|183|183|183||"145432316"|"89619221"
0|0|0|32|44|56||"145432316"|"89619222"
32|44|56|39|50|61|"Wet"|"145432316"|"89619223"
0|0|0|32|44|56||"145432317"|"89619224"
32|44|56|39|50|61|"Wet"|"145432317"|"89619225"
39|50|61|183|183|183||"145432317"|"89619226"
0|0|0|32|44|56||"145432318"|"89619227"
32|44|56|39|50|61|"Wet"|"145432318"|"89619228"
39|50|61|183|183|183||"145432318"|"89619229"
0|0|0|183|183|183|"Wet"|"145432327"|"89619230"
0|0|0|183|183|183|"Wet"|"145432328"|"89619231"
0|0|0|183|183|183|"Wet"|"145432329"|"89619232"
0|0|0|183|183|183|"Wet"|"145432330"|"89619233"
0|0|0|183|183|183|"Wet"|"145432331"|"89619234"
0|0|0|183|183|183|"Wet"|"145432332"|"89619235"
0|0|0|183|183|183|"Wet"|"145432333"|"89619236"
0|0|0|183|183|183|"Wet"|"145432334"|"89619237"
0|0|0|183|183|183|"Wet"|"145432335"|"89619238"
0|8|15|183|183|183|"Wet"|"145432336"|"89619239"
0|0|0|0|8|15||"145432336"|"89619240"
0|8|15|183|183|183|"Wet"|"145432337"|"89619241"
0|0|0|0|8|15||"145432337"|"89619242"
0|0|0|183|183|183|"Wet"|"145432338"|"89619243"
0|0|15|183|183|183|"Wet"|"145432339"|"89619244"
0|0|15|183|183|183|"Wet"|"145432340"|"89619245"
0|0|15|183|183|183|"Wet"|"145432341"|"89619246"
0|0|15|183|183|183|"Wet"|"145432342"|"89619247"
0|0|15|183|183|183|"Wet"|"145432343"|"89619248"
0|0|0|0|10|15|"Moist"|"145432344"|"89619249"
0|10|15|183|183|183|"Wet"|"145432344"|"89619250"
0|0|0|0|10|15|"Moist"|"145432345"|"89619251"
0|10|15|183|183|183|"Wet"|"145432345"|"89619252"
0|0|15|183|183|183|"Wet"|"145432346"|"89619253"
0|0|15|183|183|183|"Wet"|"145432347"|"89619254"
0|0|0|0|20|25|"Moist"|"145432348"|"89619255"
0|20|25|183|183|183|"Wet"|"145432348"|"89619256"
0|0|0|0|20|25|"Moist"|"145432349"|"89619257"
0|20|25|183|183|183|"Wet"|"145432349"|"89619258"
0|0|0|0|20|25|"Moist"|"145432350"|"89619259"
0|20|25|183|183|183|"Wet"|"145432350"|"89619260"
0|0|0|15|31|46||"145432351"|"89619261"
15|31|46|183|183|183|"Wet"|"145432351"|"89619262"
0|0|0|15|31|46||"145432352"|"89619263"
15|31|46|183|183|183|"Wet"|"145432352"|"89619264"
0|0|0|15|31|46||"145432353"|"89619265"
15|31|46|183|183|183|"Wet"|"145432353"|"89619266"
0|0|0|15|31|46||"145432354"|"89619267"
15|31|46|183|183|183|"Wet"|"145432354"|"89619268"
0|0|0|15|31|46||"145432355"|"89619269"
15|31|46|183|183|183|"Wet"|"145432355"|"89619270"
0|0|0|15|31|46||"145432356"|"89619271"
15|31|46|183|183|183|"Wet"|"145432356"|"89619272"
0|0|0|15|31|46||"145432357"|"89619273"
15|31|46|183|183|183|"Wet"|"145432357"|"89619274"
0|0|0|61|69|91|"Moist"|"145432364"|"89619275"
61|69|91|66|74|97|"Wet"|"145432364"|"89619276"
66|74|97|152|183|200|"Moist"|"145432364"|"89619277"
0|0|0|61|69|91|"Moist"|"145432365"|"89619278"
61|69|91|66|74|97|"Wet"|"145432365"|"89619279"
66|74|97|152|183|200|"Moist"|"145432365"|"89619280"
66|74|97|152|183|200|"Moist"|"145432371"|"89619281"
0|0|0|61|69|91|"Moist"|"145432371"|"89619282"
61|69|91|66|74|97|"Wet"|"145432371"|"89619283"
66|74|97|152|183|200|"Moist"|"145432372"|"89619284"
0|0|0|61|69|91|"Moist"|"145432372"|"89619285"
61|69|91|66|74|97|"Wet"|"145432372"|"89619286"
0|0|0|61|69|91|"Moist"|"145432373"|"89619287"
61|69|91|66|74|97|"Wet"|"145432373"|"89619288"
66|74|97|152|183|200|"Moist"|"145432373"|"89619289"
36|51|66|183|183|200|"Moist"|"145432375"|"89619290"
0|0|0|34|43|61|"Moist"|"145432375"|"89619291"
34|43|61|36|51|66|"Wet"|"145432375"|"89619292"
36|51|66|183|183|200|"Moist"|"145432377"|"89619293"
0|0|0|34|43|61|"Moist"|"145432377"|"89619294"
34|43|61|36|51|66|"Wet"|"145432377"|"89619295"
36|51|66|183|183|200|"Moist"|"145432378"|"89619296"
0|0|0|34|43|61|"Moist"|"145432378"|"89619297"
34|43|61|36|51|66|"Wet"|"145432378"|"89619298"
34|43|61|36|51|66|"Wet"|"145432379"|"89619299"
36|51|66|183|183|200|"Moist"|"145432379"|"89619300"
0|0|0|34|43|61|"Moist"|"145432379"|"89619301"
0|0|0|34|43|61|"Moist"|"145432380"|"89619302"
34|43|61|36|51|66|"Wet"|"145432380"|"89619303"
36|51|66|183|183|200|"Moist"|"145432380"|"89619304"
36|51|66|183|183|200|"Moist"|"145432384"|"89619305"
0|0|0|34|43|61|"Moist"|"145432384"|"89619306"
34|43|61|36|51|66|"Wet"|"145432384"|"89619307"
0|0|0|15|21|46|"Moist"|"145432399"|"89619308"
15|21|46|25|43|56|"Wet"|"145432399"|"89619309"
25|43|56|183|183|183|"Moist"|"145432399"|"89619310"
0|0|0|15|21|46|"Moist"|"145432400"|"89619311"
15|21|46|25|43|56|"Wet"|"145432400"|"89619312"
25|43|56|183|183|183|"Moist"|"145432400"|"89619313"
0|0|0|15|21|46|"Moist"|"145432401"|"89619314"
15|21|46|25|43|56|"Wet"|"145432401"|"89619315"
25|43|56|183|183|183|"Moist"|"145432401"|"89619316"
0|0|0|15|21|46|"Moist"|"145432402"|"89619317"
15|21|46|25|43|56|"Wet"|"145432402"|"89619318"
25|43|56|183|183|183|"Moist"|"145432402"|"89619319"
0|0|0|15|21|46|"Moist"|"145432403"|"89619320"
15|21|46|25|43|56|"Wet"|"145432403"|"89619321"
25|43|56|183|183|183|"Moist"|"145432403"|"89619322"
0|0|0|25|28|46|"Moist"|"145432404"|"89619323"
25|28|46|25|43|56|"Wet"|"145432404"|"89619324"
25|43|56|183|183|183|"Moist"|"145432404"|"89619325"
0|0|0|25|28|46|"Moist"|"145432408"|"89619326"
25|28|46|25|43|56|"Wet"|"145432408"|"89619327"
25|43|56|183|183|183|"Moist"|"145432408"|"89619328"
0|0|0|15|21|46|"Moist"|"145432409"|"89619329"
15|21|46|25|43|56|"Wet"|"145432409"|"89619330"
25|43|56|183|183|183|"Moist"|"145432409"|"89619331"
0|0|0|15|21|46|"Moist"|"145432410"|"89619332"
15|21|46|25|43|56|"Wet"|"145432410"|"89619333"
25|43|56|183|183|183|"Moist"|"145432410"|"89619334"
0|0|0|15|21|46|"Moist"|"145432411"|"89619335"
15|21|46|25|43|56|"Wet"|"145432411"|"89619336"
25|43|56|183|183|183|"Moist"|"145432411"|"89619337"
15|21|46|25|43|56|"Wet"|"145432413"|"89619338"
25|43|56|183|183|183|"Moist"|"145432413"|"89619339"
0|0|0|15|21|46|"Moist"|"145432413"|"89619340"
0|0|0|25|28|46|"Moist"|"145432414"|"89619341"
25|28|46|25|43|56|"Wet"|"145432414"|"89619342"
25|43|56|183|183|183|"Moist"|"145432414"|"89619343"
0|0|0|15|21|46|"Moist"|"145432415"|"89619344"
15|21|46|25|43|56|"Wet"|"145432415"|"89619345"
25|43|56|183|183|183|"Moist"|"145432415"|"89619346"
15|21|46|25|43|56|"Wet"|"145432417"|"89619347"
25|43|56|183|183|183|"Moist"|"145432417"|"89619348"
0|0|0|15|21|46|"Moist"|"145432417"|"89619349"
0|0|0|15|21|46|"Moist"|"145432419"|"89619350"
15|21|46|25|43|56|"Wet"|"145432419"|"89619351"
25|43|56|183|183|183|"Moist"|"145432419"|"89619352"
0|0|0|15|21|46|"Moist"|"145432420"|"89619353"
15|21|46|25|43|56|"Wet"|"145432420"|"89619354"
25|43|56|183|183|183|"Moist"|"145432420"|"89619355"
0|0|0|25|28|46|"Moist"|"145432421"|"89619356"
25|28|46|25|43|56|"Wet"|"145432421"|"89619357"
25|43|56|183|183|183|"Moist"|"145432421"|"89619358"
15|21|46|25|43|56|"Wet"|"145432422"|"89619359"
25|43|56|183|183|183|"Moist"|"145432422"|"89619360"
0|0|0|15|21|46|"Moist"|"145432422"|"89619361"
20|38|51|183|183|183|"Moist"|"145432423"|"89619362"
0|0|0|20|38|51|"Wet"|"145432423"|"89619363"
0|0|0|20|38|51|"Wet"|"145432424"|"89619364"
20|38|51|183|183|183|"Moist"|"145432424"|"89619365"
0|0|0|20|38|51|"Wet"|"145432425"|"89619366"
20|38|51|183|183|183|"Moist"|"145432425"|"89619367"
0|0|0|20|38|51|"Wet"|"145432426"|"89619368"
20|38|51|183|183|183|"Moist"|"145432426"|"89619369"
20|38|51|183|183|183|"Moist"|"145432427"|"89619370"
0|0|0|20|38|51|"Wet"|"145432427"|"89619371"
0|0|0|20|38|51|"Wet"|"145432428"|"89619372"
20|38|51|183|183|183|"Moist"|"145432428"|"89619373"
0|0|0|20|38|51|"Wet"|"145432429"|"89619374"
20|38|51|183|183|183|"Moist"|"145432429"|"89619375"
0|0|0|20|38|51|"Wet"|"145432430"|"89619376"
20|38|51|183|183|183|"Moist"|"145432430"|"89619377"
0|0|0|20|38|51|"Wet"|"145432431"|"89619378"
20|38|51|183|183|183|"Moist"|"145432431"|"89619379"
0|0|0|20|38|51|"Wet"|"145432432"|"89619380"
20|38|51|183|183|183|"Moist"|"145432432"|"89619381"
0|0|0|20|38|51|"Wet"|"145432433"|"89619382"
20|38|51|183|183|183|"Moist"|"145432433"|"89619383"
0|0|0|20|38|51|"Wet"|"145432434"|"89619384"
20|38|51|183|183|183|"Moist"|"145432434"|"89619385"
0|0|15|20|38|51|"Wet"|"145432435"|"89619386"
0|0|0|0|0|15|"Moist"|"145432435"|"89619387"
20|38|51|183|183|183|"Moist"|"145432435"|"89619388"
0|0|15|20|38|51|"Wet"|"145432436"|"89619389"
0|0|0|0|0|15|"Moist"|"145432436"|"89619390"
20|38|51|183|183|183|"Moist"|"145432436"|"89619391"
0|0|15|20|38|51|"Wet"|"145432437"|"89619392"
0|0|0|0|0|15|"Moist"|"145432437"|"89619393"
20|38|51|183|183|183|"Moist"|"145432437"|"89619394"
0|0|15|20|38|51|"Wet"|"145432438"|"89619395"
0|0|0|0|0|15|"Moist"|"145432438"|"89619396"
20|38|51|183|183|183|"Moist"|"145432438"|"89619397"
0|8|15|20|38|51|"Wet"|"145432439"|"89619398"
0|0|0|0|8|15|"Moist"|"145432439"|"89619399"
20|38|51|183|183|183|"Moist"|"145432439"|"89619400"
0|15|25|20|38|51|"Wet"|"145432440"|"89619401"
0|0|0|0|15|25|"Moist"|"145432440"|"89619402"
20|38|51|183|183|183|"Moist"|"145432440"|"89619403"
0|15|25|20|38|51|"Wet"|"145432441"|"89619404"
0|0|0|0|15|25|"Moist"|"145432441"|"89619405"
20|38|51|183|183|183|"Moist"|"145432441"|"89619406"
0|31|31|20|38|51|"Wet"|"145432442"|"89619407"
0|0|0|0|31|31|"Moist"|"145432442"|"89619408"
20|38|51|183|183|183|"Moist"|"145432442"|"89619409"
0|31|31|20|38|51|"Wet"|"145432443"|"89619410"
0|0|0|0|31|31|"Moist"|"145432443"|"89619411"
20|38|51|183|183|183|"Moist"|"145432443"|"89619412"
0|15|25|20|38|51|"Wet"|"145432444"|"89619413"
0|0|0|0|15|25|"Moist"|"145432444"|"89619414"
20|38|51|183|183|183|"Moist"|"145432444"|"89619415"
0|0|15|20|38|51|"Wet"|"145432445"|"89619416"
0|0|0|0|0|15|"Moist"|"145432445"|"89619417"
20|38|51|183|183|183|"Moist"|"145432445"|"89619418"
0|0|15|20|38|51|"Wet"|"145432446"|"89619419"
0|0|0|0|0|15|"Moist"|"145432446"|"89619420"
20|38|51|183|183|183|"Moist"|"145432446"|"89619421"
0|0|0|0|0|15|"Moist"|"145432447"|"89619422"
0|0|15|200|200|200|"Wet"|"145432447"|"89619423"
0|0|0|0|0|15|"Moist"|"145432448"|"89619424"
0|0|15|200|200|200|"Wet"|"145432448"|"89619425"
0|0|0|0|0|15|"Moist"|"145432449"|"89619426"
0|0|15|200|200|200|"Wet"|"145432449"|"89619427"
0|0|0|0|0|15|"Moist"|"145432450"|"89619428"
0|0|15|200|200|200|"Wet"|"145432450"|"89619429"
0|0|0|0|0|15|"Moist"|"145432451"|"89619430"
0|0|15|200|200|200|"Wet"|"145432451"|"89619431"
0|0|0|0|0|15|"Moist"|"145432456"|"89619432"
0|0|15|200|200|200|"Wet"|"145432456"|"89619433"
0|0|0|0|0|15|"Moist"|"145432457"|"89619434"
0|0|15|200|200|200|"Wet"|"145432457"|"89619435"
0|0|0|0|0|15|"Moist"|"145432458"|"89619436"
0|0|15|200|200|200|"Wet"|"145432458"|"89619437"
0|0|15|183|183|183|"Wet"|"145432459"|"89619438"
0|0|0|0|0|15||"145432459"|"89619439"
0|0|15|183|183|183|"Wet"|"145432460"|"89619440"
0|0|0|0|0|15||"145432460"|"89619441"
0|0|15|183|183|183|"Wet"|"145432461"|"89619442"
0|0|0|0|0|15||"145432461"|"89619443"
0|0|0|0|0|15||"145432462"|"89619444"
0|0|15|183|183|183|"Wet"|"145432462"|"89619445"
0|0|0|0|0|15||"145432463"|"89619446"
0|0|15|183|183|183|"Wet"|"145432463"|"89619447"
0|0|0|0|0|15||"145432464"|"89619448"
0|0|15|183|183|183|"Wet"|"145432464"|"89619449"
0|0|0|0|0|15||"145432465"|"89619450"
0|0|15|183|183|183|"Wet"|"145432465"|"89619451"
0|0|0|0|15|30||"145432466"|"89619452"
0|15|30|183|183|183|"Wet"|"145432466"|"89619453"
0|15|30|183|183|183|"Wet"|"145432467"|"89619454"
0|0|0|0|15|30||"145432467"|"89619455"
0|0|0|0|0|15||"145432468"|"89619456"
0|0|15|183|183|183|"Wet"|"145432468"|"89619457"
0|0|0|0|0|15||"145432469"|"89619458"
0|0|15|183|183|183|"Wet"|"145432469"|"89619459"
0|0|0|0|0|15||"145432470"|"89619460"
0|0|15|183|183|183|"Wet"|"145432470"|"89619461"
0|0|0|200|200|200|"Wet"|"145432471"|"89619462"
0|0|0|200|200|200|"Wet"|"145432472"|"89619463"
0|0|0|200|200|200|"Wet"|"145432473"|"89619464"
0|0|0|200|200|200|"Wet"|"145432474"|"89619465"
0|0|0|200|200|200|"Wet"|"145432475"|"89619466"
0|0|0|200|200|200|"Wet"|"145432480"|"89619467"
0|0|0|200|200|200|"Wet"|"145432481"|"89619468"
0|0|0|200|200|200|"Wet"|"145432482"|"89619469"
0|0|0|25|36|46||"145432483"|"89619470"
25|36|46|183|183|183|"Wet"|"145432483"|"89619471"
0|0|0|25|36|46||"145432484"|"89619472"
25|36|46|183|183|183|"Wet"|"145432484"|"89619473"
0|0|0|25|36|46||"145432485"|"89619474"
25|36|46|183|183|183|"Wet"|"145432485"|"89619475"
0|0|0|25|36|46||"145432486"|"89619476"
25|36|46|183|183|183|"Wet"|"145432486"|"89619477"
0|0|0|25|36|46||"145432487"|"89619478"
25|36|46|183|183|183|"Wet"|"145432487"|"89619479"
0|0|0|25|36|46||"145432488"|"89619480"
25|36|46|183|183|183|"Wet"|"145432488"|"89619481"
0|0|0|25|36|46||"145432494"|"89619482"
25|36|46|183|183|183|"Wet"|"145432494"|"89619483"
0|0|0|0|0|30||"145432495"|"89619484"
0|0|30|183|183|183|"Wet"|"145432495"|"89619485"
0|0|0|0|0|30||"145432496"|"89619486"
0|0|30|183|183|183|"Wet"|"145432496"|"89619487"
0|0|0|0|0|30||"145432497"|"89619488"
0|0|30|183|183|183|"Wet"|"145432497"|"89619489"
0|0|0|0|0|30||"145432498"|"89619490"
0|0|30|183|183|183|"Wet"|"145432498"|"89619491"
0|0|30|183|183|183|"Wet"|"145432499"|"89619492"
0|0|0|0|0|30||"145432499"|"89619493"
0|0|30|183|183|183|"Wet"|"145432500"|"89619494"
0|0|0|0|0|30||"145432500"|"89619495"
0|0|30|183|183|183|"Wet"|"145432501"|"89619496"
0|0|0|0|0|30||"145432501"|"89619497"
0|0|30|183|183|183|"Wet"|"145432502"|"89619498"
0|0|0|0|0|30||"145432502"|"89619499"
0|0|0|0|0|30||"145432503"|"89619500"
0|0|30|183|183|183|"Wet"|"145432503"|"89619501"
0|0|0|0|0|30||"145432504"|"89619502"
0|0|30|183|183|183|"Wet"|"145432504"|"89619503"
0|0|0|0|0|30||"145432505"|"89619504"
0|0|30|183|183|183|"Wet"|"145432505"|"89619505"
0|0|30|183|183|183|"Wet"|"145432506"|"89619506"
0|0|0|0|0|30||"145432506"|"89619507"
0|0|0|0|0|15||"145432507"|"89619508"
0|0|15|183|183|183|"Wet"|"145432507"|"89619509"
0|0|0|0|0|15||"145432508"|"89619510"
0|0|15|183|183|183|"Wet"|"145432508"|"89619511"
0|0|0|0|0|15||"145432509"|"89619512"
0|0|15|183|183|183|"Wet"|"145432509"|"89619513"
0|0|0|0|0|15||"145432510"|"89619514"
0|0|15|183|183|183|"Wet"|"145432510"|"89619515"
0|0|0|0|0|15||"145432511"|"89619516"
0|0|15|183|183|183|"Wet"|"145432511"|"89619517"
0|0|0|0|20|25||"145432512"|"89619518"
0|20|25|183|183|183|"Wet"|"145432512"|"89619519"
0|0|0|0|20|25||"145432513"|"89619520"
0|20|25|183|183|183|"Wet"|"145432513"|"89619521"
0|0|0|0|20|25||"145432514"|"89619522"
0|20|25|183|183|183|"Wet"|"145432514"|"89619523"
0|0|0|0|20|25||"145432515"|"89619524"
0|20|25|183|183|183|"Wet"|"145432515"|"89619525"
0|0|0|0|20|25||"145432516"|"89619526"
0|20|25|183|183|183|"Wet"|"145432516"|"89619527"
0|0|0|0|0|15||"145432517"|"89619528"
0|0|15|183|183|183|"Wet"|"145432517"|"89619529"
0|0|0|0|0|15||"145432518"|"89619530"
0|0|15|183|183|183|"Wet"|"145432518"|"89619531"
0|0|0|15|20|46||"145432519"|"89619532"
15|20|46|183|183|183|"Wet"|"145432519"|"89619533"
0|0|0|15|20|46||"145432520"|"89619534"
15|20|46|183|183|183|"Wet"|"145432520"|"89619535"
0|0|0|15|20|46||"145432521"|"89619536"
15|20|46|183|183|183|"Wet"|"145432521"|"89619537"
0|0|0|15|20|46||"145432522"|"89619538"
15|20|46|183|183|183|"Wet"|"145432522"|"89619539"
0|0|0|15|20|46||"145432523"|"89619540"
15|20|46|183|183|183|"Wet"|"145432523"|"89619541"
0|0|0|15|20|46||"145432530"|"89619542"
15|20|46|183|183|183|"Wet"|"145432530"|"89619543"
40|55|76|183|183|183||"145432531"|"89619544"
0|0|0|15|31|46||"145432531"|"89619545"
15|31|46|40|55|76|"Wet"|"145432531"|"89619546"
40|55|76|183|183|183||"145432533"|"89619547"
0|0|0|15|31|46||"145432533"|"89619548"
15|31|46|40|55|76|"Wet"|"145432533"|"89619549"
40|55|76|183|183|183||"145432534"|"89619550"
0|0|0|15|31|46||"145432534"|"89619551"
15|31|46|40|55|76|"Wet"|"145432534"|"89619552"
40|55|76|183|183|183||"145432535"|"89619553"
0|0|0|15|31|46||"145432535"|"89619554"
15|31|46|40|55|76|"Wet"|"145432535"|"89619555"
40|55|76|183|183|183||"145432538"|"89619556"
0|0|0|15|31|46||"145432538"|"89619557"
15|31|46|40|55|76|"Wet"|"145432538"|"89619558"
40|55|76|183|183|183||"145432539"|"89619559"
0|0|0|15|31|46||"145432539"|"89619560"
15|31|46|40|55|76|"Wet"|"145432539"|"89619561"
40|55|76|183|183|183||"145432540"|"89619562"
0|0|0|15|31|46||"145432540"|"89619563"
15|31|46|40|55|76|"Wet"|"145432540"|"89619564"
40|55|76|183|183|183||"145432541"|"89619565"
0|0|0|15|31|46||"145432541"|"89619566"
15|31|46|40|55|76|"Wet"|"145432541"|"89619567"
40|49|76|183|183|183||"145432543"|"89619568"
0|0|0|15|31|46||"145432543"|"89619569"
15|31|46|40|49|76|"Wet"|"145432543"|"89619570"
40|49|76|183|183|183||"145432545"|"89619571"
0|0|0|15|31|46||"145432545"|"89619572"
15|31|46|40|49|76|"Wet"|"145432545"|"89619573"
40|49|76|183|183|183||"145432546"|"89619574"
0|0|0|15|31|46||"145432546"|"89619575"
15|31|46|40|49|76|"Wet"|"145432546"|"89619576"
40|49|76|183|183|183||"145432547"|"89619577"
0|0|0|15|31|46||"145432547"|"89619578"
15|31|46|40|49|76|"Wet"|"145432547"|"89619579"
40|49|76|183|183|183||"145432550"|"89619580"
0|0|0|15|31|46||"145432550"|"89619581"
15|31|46|40|49|76|"Wet"|"145432550"|"89619582"
40|49|76|183|183|183||"145432551"|"89619583"
0|0|0|15|31|46||"145432551"|"89619584"
15|31|46|40|49|76|"Wet"|"145432551"|"89619585"
40|49|76|183|183|183||"145432552"|"89619586"
0|0|0|15|31|46||"145432552"|"89619587"
15|31|46|40|49|76|"Wet"|"145432552"|"89619588"
40|49|76|183|183|183||"145432553"|"89619589"
0|0|0|15|31|46||"145432553"|"89619590"
15|31|46|40|49|76|"Wet"|"145432553"|"89619591"
37|49|76|183|183|183||"145432555"|"89619592"
0|0|0|15|31|46||"145432555"|"89619593"
15|31|46|37|49|76|"Wet"|"145432555"|"89619594"
37|49|76|183|183|183||"145432557"|"89619595"
0|0|0|15|31|46||"145432557"|"89619596"
15|31|46|37|49|76|"Wet"|"145432557"|"89619597"
37|49|76|183|183|183||"145432558"|"89619598"
0|0|0|15|31|46||"145432558"|"89619599"
15|31|46|37|49|76|"Wet"|"145432558"|"89619600"
37|49|76|183|183|183||"145432559"|"89619601"
0|0|0|15|31|46||"145432559"|"89619602"
15|31|46|37|49|76|"Wet"|"145432559"|"89619603"
37|49|76|183|183|183||"145432562"|"89619604"
0|0|0|15|31|46||"145432562"|"89619605"
15|31|46|37|49|76|"Wet"|"145432562"|"89619606"
37|49|76|183|183|183||"145432563"|"89619607"
0|0|0|15|31|46||"145432563"|"89619608"
15|31|46|37|49|76|"Wet"|"145432563"|"89619609"
37|49|76|183|183|183||"145432564"|"89619610"
0|0|0|15|31|46||"145432564"|"89619611"
15|31|46|37|49|76|"Wet"|"145432564"|"89619612"
37|49|76|183|183|183||"145432565"|"89619613"
0|0|0|15|31|46||"145432565"|"89619614"
15|31|46|37|49|76|"Wet"|"145432565"|"89619615"
49|70|91|183|183|183||"145432567"|"89619616"
0|0|0|46|69|91||"145432567"|"89619617"
46|69|91|49|70|91|"Wet"|"145432567"|"89619618"
49|70|91|183|183|183||"145432569"|"89619619"
0|0|0|46|69|91||"145432569"|"89619620"
46|69|91|49|70|91|"Wet"|"145432569"|"89619621"
49|70|91|183|183|183||"145432570"|"89619622"
0|0|0|46|69|91||"145432570"|"89619623"
46|69|91|49|70|91|"Wet"|"145432570"|"89619624"
49|70|91|183|183|183||"145432571"|"89619625"
0|0|0|46|69|91||"145432571"|"89619626"
46|69|91|49|70|91|"Wet"|"145432571"|"89619627"
49|70|91|183|183|183||"145432574"|"89619628"
0|0|0|46|69|91||"145432574"|"89619629"
46|69|91|49|70|91|"Wet"|"145432574"|"89619630"
49|70|91|183|183|183||"145432575"|"89619631"
0|0|0|46|69|91||"145432575"|"89619632"
46|69|91|49|70|91|"Wet"|"145432575"|"89619633"
49|70|91|183|183|183||"145432579"|"89619634"
0|0|0|46|69|91||"145432579"|"89619635"
46|69|91|49|70|91|"Wet"|"145432579"|"89619636"
49|70|91|183|183|183||"145432581"|"89619637"
0|0|0|46|69|91||"145432581"|"89619638"
46|69|91|49|70|91|"Wet"|"145432581"|"89619639"
49|70|91|183|183|183||"145432582"|"89619640"
0|0|0|46|69|91||"145432582"|"89619641"
46|69|91|49|70|91|"Wet"|"145432582"|"89619642"
49|70|91|183|183|183||"145432583"|"89619643"
0|0|0|46|69|91||"145432583"|"89619644"
46|69|91|49|70|91|"Wet"|"145432583"|"89619645"
49|70|91|183|183|183||"145432586"|"89619646"
0|0|0|46|69|91||"145432586"|"89619647"
46|69|91|49|70|91|"Wet"|"145432586"|"89619648"
49|70|91|183|183|183||"145432587"|"89619649"
0|0|0|46|69|91||"145432587"|"89619650"
46|69|91|49|70|91|"Wet"|"145432587"|"89619651"
49|70|91|183|183|183||"145432591"|"89619652"
0|0|0|46|69|91||"145432591"|"89619653"
46|69|91|49|70|91|"Wet"|"145432591"|"89619654"
49|70|91|183|183|183||"145432593"|"89619655"
0|0|0|46|69|91||"145432593"|"89619656"
46|69|91|49|70|91|"Wet"|"145432593"|"89619657"
49|70|91|183|183|183||"145432594"|"89619658"
0|0|0|46|69|91||"145432594"|"89619659"
46|69|91|49|70|91|"Wet"|"145432594"|"89619660"
49|70|91|183|183|183||"145432595"|"89619661"
0|0|0|46|69|91||"145432595"|"89619662"
46|69|91|49|70|91|"Wet"|"145432595"|"89619663"
49|70|91|183|183|183||"145432598"|"89619664"
0|0|0|46|69|91||"145432598"|"89619665"
46|69|91|49|70|91|"Wet"|"145432598"|"89619666"
49|70|91|183|183|183||"145432599"|"89619667"
0|0|0|46|69|91||"145432599"|"89619668"
46|69|91|49|70|91|"Wet"|"145432599"|"89619669"
0|0|0|183|183|183|"Wet"|"145432603"|"89619670"
0|0|0|183|183|183|"Wet"|"145432604"|"89619671"
0|0|0|183|183|183|"Wet"|"145432605"|"89619672"
0|0|0|183|183|183|"Wet"|"145432606"|"89619673"
0|0|0|183|183|183|"Wet"|"145432607"|"89619674"
0|0|0|183|183|183|"Wet"|"145432608"|"89619675"
0|0|0|183|183|183|"Wet"|"145432612"|"89619676"
0|0|0|183|183|183|"Wet"|"145432613"|"89619677"
0|0|0|183|183|183|"Wet"|"145432614"|"89619678"
0|0|0|61|122|183||"145432615"|"89619679"
61|122|183|183|183|183|"Wet"|"145432615"|"89619680"
0|0|0|61|122|183||"145432617"|"89619681"
61|122|183|183|183|183|"Wet"|"145432617"|"89619682"
0|0|0|61|122|183||"145432618"|"89619683"
61|122|183|183|183|183|"Wet"|"145432618"|"89619684"
0|0|0|61|122|183||"145432619"|"89619685"
61|122|183|183|183|183|"Wet"|"145432619"|"89619686"
0|0|0|61|122|183||"145432622"|"89619687"
61|122|183|183|183|183|"Wet"|"145432622"|"89619688"
0|0|0|61|122|183||"145432623"|"89619689"
61|122|183|183|183|183|"Wet"|"145432623"|"89619690"
0|0|0|61|122|183||"145432624"|"89619691"
61|122|183|183|183|183|"Wet"|"145432624"|"89619692"
0|0|0|0|23|46||"145432663"|"89619693"
0|23|46|183|183|183|"Wet"|"145432663"|"89619694"
0|0|0|0|23|46||"145432665"|"89619695"
0|23|46|183|183|183|"Wet"|"145432665"|"89619696"
0|0|0|0|23|46||"145432666"|"89619697"
0|23|46|183|183|183|"Wet"|"145432666"|"89619698"
0|0|0|0|23|46||"145432667"|"89619699"
0|23|46|183|183|183|"Wet"|"145432667"|"89619700"
0|0|0|0|23|46||"145432669"|"89619701"
0|23|46|183|183|183|"Wet"|"145432669"|"89619702"
0|0|0|0|23|46||"145432670"|"89619703"
0|23|46|183|183|183|"Wet"|"145432670"|"89619704"
0|0|0|0|23|46||"145432671"|"89619705"
0|23|46|183|183|183|"Wet"|"145432671"|"89619706"
0|0|0|0|23|46||"145432672"|"89619707"
0|23|46|183|183|183|"Wet"|"145432672"|"89619708"
0|0|0|0|23|46||"145432673"|"89619709"
0|23|46|183|183|183|"Wet"|"145432673"|"89619710"
18|20|33|36|53|91|"Moist"|"145432795"|"89619711"
36|53|91|117|175|203|"Wet"|"145432795"|"89619712"
18|20|33|36|53|91|"Moist"|"145432796"|"89619713"
36|53|91|117|175|203|"Wet"|"145432796"|"89619714"
36|53|91|117|175|203|"Wet"|"145432797"|"89619715"
18|20|33|36|53|91|"Moist"|"145432797"|"89619716"
36|53|91|117|175|203|"Wet"|"145432798"|"89619717"
18|20|33|36|53|91|"Moist"|"145432798"|"89619718"
36|53|91|117|175|203|"Wet"|"145432799"|"89619719"
18|20|33|36|53|91|"Moist"|"145432799"|"89619720"
36|53|91|117|175|203|"Wet"|"145432800"|"89619721"
18|20|33|36|53|91|"Moist"|"145432800"|"89619722"
36|53|91|117|175|203|"Wet"|"145432801"|"89619723"
18|20|33|36|53|91|"Moist"|"145432801"|"89619724"
18|20|33|36|53|91|"Moist"|"145432802"|"89619725"
36|53|91|117|175|203|"Wet"|"145432802"|"89619726"
36|53|91|117|175|203|"Wet"|"145432803"|"89619727"
18|20|33|36|53|91|"Moist"|"145432803"|"89619728"
36|53|91|117|175|203|"Wet"|"145432804"|"89619729"
18|20|33|36|53|91|"Moist"|"145432804"|"89619730"
36|53|91|117|175|203|"Wet"|"145432805"|"89619731"
18|20|33|36|53|91|"Moist"|"145432805"|"89619732"
18|20|33|36|53|91|"Moist"|"145432806"|"89619733"
36|53|91|117|175|203|"Wet"|"145432806"|"89619734"
0|3|5|91|107|165|"Wet"|"145432807"|"89619735"
91|107|165|160|165|200|"Moist"|"145432807"|"89619736"
0|0|0|0|3|5|"Moist"|"145432807"|"89619737"
0|3|5|91|107|165|"Wet"|"145432808"|"89619738"
91|107|165|160|165|200|"Moist"|"145432808"|"89619739"
0|0|0|0|3|5|"Moist"|"145432808"|"89619740"
0|3|5|91|107|165|"Wet"|"145432809"|"89619741"
91|107|165|160|165|200|"Moist"|"145432809"|"89619742"
0|0|0|0|3|5|"Moist"|"145432809"|"89619743"
0|3|5|91|107|165|"Wet"|"145432810"|"89619744"
91|107|165|160|165|200|"Moist"|"145432810"|"89619745"
0|0|0|0|3|5|"Moist"|"145432810"|"89619746"
0|3|5|91|107|165|"Wet"|"145432811"|"89619747"
91|107|165|160|165|200|"Moist"|"145432811"|"89619748"
0|0|0|0|3|5|"Moist"|"145432811"|"89619749"
0|3|5|91|107|165|"Wet"|"145432816"|"89619750"
91|107|165|160|165|200|"Moist"|"145432816"|"89619751"
0|0|0|0|3|5|"Moist"|"145432816"|"89619752"
0|3|5|91|107|165|"Wet"|"145432817"|"89619753"
91|107|165|160|165|200|"Moist"|"145432817"|"89619754"
0|0|0|0|3|5|"Moist"|"145432817"|"89619755"
0|3|5|91|107|165|"Wet"|"145432818"|"89619756"
91|107|165|160|165|200|"Moist"|"145432818"|"89619757"
0|0|0|0|3|5|"Moist"|"145432818"|"89619758"
0|0|0|38|43|51|"Moist"|"145432819"|"89619759"
38|43|51|96|142|165|"Wet"|"145432819"|"89619760"
96|142|165|160|165|200|"Moist"|"145432819"|"89619761"
0|0|0|38|43|51|"Moist"|"145432820"|"89619762"
38|43|51|96|142|165|"Wet"|"145432820"|"89619763"
96|142|165|160|165|200|"Moist"|"145432820"|"89619764"
0|0|0|38|43|51|"Moist"|"145432821"|"89619765"
38|43|51|96|142|165|"Wet"|"145432821"|"89619766"
96|142|165|160|165|200|"Moist"|"145432821"|"89619767"
0|0|0|38|43|51|"Moist"|"145432822"|"89619768"
38|43|51|96|142|165|"Wet"|"145432822"|"89619769"
96|142|165|160|165|200|"Moist"|"145432822"|"89619770"
0|0|0|38|43|51|"Moist"|"145432830"|"89619771"
38|43|51|96|142|165|"Wet"|"145432830"|"89619772"
96|142|165|160|165|200|"Moist"|"145432830"|"89619773"
15|35|46|102|145|229|"Wet"|"145432831"|"89619774"
0|0|0|15|35|46|"Moist"|"145432831"|"89619775"
0|0|0|15|35|46|"Moist"|"145432834"|"89619776"
15|35|46|102|145|229|"Wet"|"145432834"|"89619777"
15|35|46|102|145|229|"Wet"|"145432835"|"89619778"
0|0|0|15|35|46|"Moist"|"145432835"|"89619779"
15|35|46|102|145|229|"Wet"|"145432837"|"89619780"
0|0|0|15|35|46|"Moist"|"145432837"|"89619781"
0|0|0|15|35|46|"Moist"|"145432838"|"89619782"
15|35|46|102|145|229|"Wet"|"145432838"|"89619783"
0|0|0|15|35|46|"Moist"|"145432839"|"89619784"
15|35|46|102|145|229|"Wet"|"145432839"|"89619785"
0|0|0|15|35|46|"Moist"|"145432841"|"89619786"
15|35|46|102|145|229|"Wet"|"145432841"|"89619787"
15|35|46|102|145|229|"Wet"|"145432842"|"89619788"
0|0|0|15|35|46|"Moist"|"145432842"|"89619789"
0|0|0|38|43|51|"Moist"|"145432867"|"89619790"
38|43|51|96|142|165|"Wet"|"145432867"|"89619791"
96|142|165|160|165|200|"Moist"|"145432867"|"89619792"
0|0|0|38|43|51|"Moist"|"145432868"|"89619793"
38|43|51|96|142|165|"Wet"|"145432868"|"89619794"
96|142|165|160|165|200|"Moist"|"145432868"|"89619795"
0|0|0|38|43|51|"Moist"|"145432869"|"89619796"
38|43|51|96|142|165|"Wet"|"145432869"|"89619797"
96|142|165|160|165|200|"Moist"|"145432869"|"89619798"
0|0|0|38|43|51|"Moist"|"145432870"|"89619799"
38|43|51|96|142|165|"Wet"|"145432870"|"89619800"
96|142|165|160|165|200|"Moist"|"145432870"|"89619801"
0|0|0|38|43|51|"Moist"|"145432878"|"89619802"
38|43|51|96|142|165|"Wet"|"145432878"|"89619803"
96|142|165|160|165|200|"Moist"|"145432878"|"89619804"
36|53|91|117|175|203|"Wet"|"145432891"|"89619805"
18|20|33|36|53|91|"Moist"|"145432891"|"89619806"
18|20|33|36|53|91|"Moist"|"145432892"|"89619807"
36|53|91|117|175|203|"Wet"|"145432892"|"89619808"
18|20|33|36|53|91|"Moist"|"145432893"|"89619809"
36|53|91|117|175|203|"Wet"|"145432893"|"89619810"
36|53|91|117|175|203|"Wet"|"145432894"|"89619811"
18|20|33|36|53|91|"Moist"|"145432894"|"89619812"
36|53|91|117|175|203|"Wet"|"145432895"|"89619813"
18|20|33|36|53|91|"Moist"|"145432895"|"89619814"
36|53|91|117|175|203|"Wet"|"145432896"|"89619815"
18|20|33|36|53|91|"Moist"|"145432896"|"89619816"
36|53|91|117|175|203|"Wet"|"145432897"|"89619817"
18|20|33|36|53|91|"Moist"|"145432897"|"89619818"
18|20|33|36|53|91|"Moist"|"145432898"|"89619819"
36|53|91|117|175|203|"Wet"|"145432898"|"89619820"
36|53|91|117|175|203|"Wet"|"145432899"|"89619821"
18|20|33|36|53|91|"Moist"|"145432899"|"89619822"
18|20|33|36|53|91|"Moist"|"145432900"|"89619823"
36|53|91|117|175|203|"Wet"|"145432900"|"89619824"
18|20|33|36|53|91|"Moist"|"145432901"|"89619825"
36|53|91|117|175|203|"Wet"|"145432901"|"89619826"
36|53|91|117|175|203|"Wet"|"145432902"|"89619827"
18|20|33|36|53|91|"Moist"|"145432902"|"89619828"
0|0|0|38|43|51|"Moist"|"145432908"|"89619829"
38|43|51|96|142|165|"Wet"|"145432908"|"89619830"
96|142|165|160|165|200|"Moist"|"145432908"|"89619831"
0|0|0|38|43|51|"Moist"|"145432909"|"89619832"
38|43|51|96|142|165|"Wet"|"145432909"|"89619833"
96|142|165|160|165|200|"Moist"|"145432909"|"89619834"
0|0|0|38|43|51|"Moist"|"145432910"|"89619835"
38|43|51|96|142|165|"Wet"|"145432910"|"89619836"
96|142|165|160|165|200|"Moist"|"145432910"|"89619837"
0|0|0|38|43|51|"Moist"|"145432911"|"89619838"
38|43|51|96|142|165|"Wet"|"145432911"|"89619839"
96|142|165|160|165|200|"Moist"|"145432911"|"89619840"
0|0|0|38|43|51|"Moist"|"145432912"|"89619841"
38|43|51|96|142|165|"Wet"|"145432912"|"89619842"
96|142|165|160|165|200|"Moist"|"145432912"|"89619843"
15|35|46|102|145|229|"Wet"|"145432951"|"89619844"
0|0|0|15|35|46|"Moist"|"145432951"|"89619845"
0|0|0|15|35|46|"Moist"|"145432954"|"89619846"
15|35|46|102|145|229|"Wet"|"145432954"|"89619847"
0|0|0|15|35|46|"Moist"|"145432955"|"89619848"
15|35|46|102|145|229|"Wet"|"145432955"|"89619849"
15|35|46|102|145|229|"Wet"|"145432957"|"89619850"
0|0|0|15|35|46|"Moist"|"145432957"|"89619851"
0|0|0|15|35|46|"Moist"|"145432958"|"89619852"
15|35|46|102|145|229|"Wet"|"145432958"|"89619853"
15|35|46|102|145|229|"Wet"|"145432959"|"89619854"
0|0|0|15|35|46|"Moist"|"145432959"|"89619855"
0|0|0|15|35|46|"Moist"|"145432961"|"89619856"
15|35|46|102|145|229|"Wet"|"145432961"|"89619857"
15|35|46|102|145|229|"Wet"|"145432962"|"89619858"
0|0|0|15|35|46|"Moist"|"145432962"|"89619859"
38|43|51|96|142|165|"Wet"|"145432963"|"89619860"
0|0|0|38|43|51|"Moist"|"145432963"|"89619861"
96|142|165|160|165|200|"Moist"|"145432963"|"89619862"
0|0|0|38|43|51|"Moist"|"145432964"|"89619863"
38|43|51|96|142|165|"Wet"|"145432964"|"89619864"
96|142|165|160|165|200|"Moist"|"145432964"|"89619865"
38|43|51|96|142|165|"Wet"|"145432965"|"89619866"
0|0|0|38|43|51|"Moist"|"145432965"|"89619867"
96|142|165|160|165|200|"Moist"|"145432965"|"89619868"
0|0|0|38|43|51|"Moist"|"145432966"|"89619869"
38|43|51|96|142|165|"Wet"|"145432966"|"89619870"
96|142|165|160|165|200|"Moist"|"145432966"|"89619871"
38|43|51|96|142|165|"Wet"|"145432974"|"89619872"
96|142|165|160|165|200|"Moist"|"145432974"|"89619873"
0|0|0|38|43|51|"Moist"|"145432974"|"89619874"
18|20|33|36|53|91|"Moist"|"145432987"|"89619875"
36|53|91|117|175|203|"Wet"|"145432987"|"89619876"
18|20|33|36|53|91|"Moist"|"145432988"|"89619877"
36|53|91|117|175|203|"Wet"|"145432988"|"89619878"
36|53|91|117|175|203|"Wet"|"145432989"|"89619879"
18|20|33|36|53|91|"Moist"|"145432989"|"89619880"
36|53|91|117|175|203|"Wet"|"145432990"|"89619881"
18|20|33|36|53|91|"Moist"|"145432990"|"89619882"
36|53|91|117|175|203|"Wet"|"145432991"|"89619883"
18|20|33|36|53|91|"Moist"|"145432991"|"89619884"
36|53|91|117|175|203|"Wet"|"145432992"|"89619885"
18|20|33|36|53|91|"Moist"|"145432992"|"89619886"
36|53|91|117|175|203|"Wet"|"145432993"|"89619887"
18|20|33|36|53|91|"Moist"|"145432993"|"89619888"
18|20|33|36|53|91|"Moist"|"145432994"|"89619889"
36|53|91|117|175|203|"Wet"|"145432994"|"89619890"
36|53|91|117|175|203|"Wet"|"145432995"|"89619891"
18|20|33|36|53|91|"Moist"|"145432995"|"89619892"
36|53|91|117|175|203|"Wet"|"145432996"|"89619893"
18|20|33|36|53|91|"Moist"|"145432996"|"89619894"
36|53|91|117|175|203|"Wet"|"145432997"|"89619895"
18|20|33|36|53|91|"Moist"|"145432997"|"89619896"
18|20|33|36|53|91|"Moist"|"145432998"|"89619897"
36|53|91|117|175|203|"Wet"|"145432998"|"89619898"
36|51|66|183|183|200|"Moist"|"145433047"|"89619899"
0|0|0|34|43|61|"Moist"|"145433047"|"89619900"
34|43|61|36|51|66|"Wet"|"145433047"|"89619901"
34|43|61|36|51|66|"Wet"|"145433048"|"89619902"
36|51|66|183|183|200|"Moist"|"145433048"|"89619903"
0|0|0|34|43|61|"Moist"|"145433048"|"89619904"
0|0|0|34|43|61|"Moist"|"145433049"|"89619905"
34|43|61|36|51|66|"Wet"|"145433049"|"89619906"
36|51|66|183|183|200|"Moist"|"145433049"|"89619907"
36|51|66|183|183|200|"Moist"|"145433052"|"89619908"
0|0|0|34|43|61|"Moist"|"145433052"|"89619909"
34|43|61|36|51|66|"Wet"|"145433052"|"89619910"
36|51|66|183|183|200|"Moist"|"145433053"|"89619911"
0|0|0|34|43|61|"Moist"|"145433053"|"89619912"
34|43|61|36|51|66|"Wet"|"145433053"|"89619913"
36|51|66|183|183|200|"Moist"|"145433057"|"89619914"
0|0|0|34|43|61|"Moist"|"145433057"|"89619915"
34|43|61|36|51|66|"Wet"|"145433057"|"89619916"
20|38|51|183|183|183|"Moist"|"145433071"|"89619917"
0|0|0|0|0|15|"Moist"|"145433071"|"89619918"
0|0|15|20|38|51|"Wet"|"145433071"|"89619919"
0|31|31|20|38|51|"Wet"|"145433072"|"89619920"
20|38|51|183|183|183|"Moist"|"145433072"|"89619921"
0|0|0|0|31|31|"Moist"|"145433072"|"89619922"
20|38|51|183|183|183|"Moist"|"145433073"|"89619923"
0|0|0|0|8|15|"Moist"|"145433073"|"89619924"
0|8|15|20|38|51|"Wet"|"145433073"|"89619925"
0|0|15|20|38|51|"Wet"|"145433074"|"89619926"
20|38|51|183|183|183|"Moist"|"145433074"|"89619927"
0|0|0|0|0|15|"Moist"|"145433074"|"89619928"
0|15|25|20|38|51|"Wet"|"145433075"|"89619929"
20|38|51|183|183|183|"Moist"|"145433075"|"89619930"
0|0|0|0|15|25|"Moist"|"145433075"|"89619931"
20|38|51|183|183|183|"Moist"|"145433076"|"89619932"
0|0|0|0|0|15|"Moist"|"145433076"|"89619933"
0|0|15|20|38|51|"Wet"|"145433076"|"89619934"
0|0|15|20|38|51|"Wet"|"145433077"|"89619935"
20|38|51|183|183|183|"Moist"|"145433077"|"89619936"
0|0|0|0|0|15|"Moist"|"145433077"|"89619937"
20|38|51|183|183|183|"Moist"|"145433078"|"89619938"
0|0|0|0|0|15|"Moist"|"145433078"|"89619939"
0|0|15|20|38|51|"Wet"|"145433078"|"89619940"
0|31|31|20|38|51|"Wet"|"145433079"|"89619941"
20|38|51|183|183|183|"Moist"|"145433079"|"89619942"
0|0|0|0|31|31|"Moist"|"145433079"|"89619943"
20|38|51|183|183|183|"Moist"|"145433080"|"89619944"
0|0|0|0|0|15|"Moist"|"145433080"|"89619945"
0|0|15|20|38|51|"Wet"|"145433080"|"89619946"
0|15|25|20|38|51|"Wet"|"145433081"|"89619947"
20|38|51|183|183|183|"Moist"|"145433081"|"89619948"
0|0|0|0|15|25|"Moist"|"145433081"|"89619949"
0|15|25|20|38|51|"Wet"|"145433082"|"89619950"
20|38|51|183|183|183|"Moist"|"145433082"|"89619951"
0|0|0|0|15|25|"Moist"|"145433082"|"89619952"
0|0|0|15|21|46|"Moist"|"145433083"|"89619953"
15|21|46|25|43|56|"Wet"|"145433083"|"89619954"
25|43|56|183|183|183|"Moist"|"145433083"|"89619955"
0|0|0|15|21|46|"Moist"|"145433084"|"89619956"
15|21|46|25|43|56|"Wet"|"145433084"|"89619957"
25|43|56|183|183|183|"Moist"|"145433084"|"89619958"
0|0|0|15|21|46|"Moist"|"145433085"|"89619959"
15|21|46|25|43|56|"Wet"|"145433085"|"89619960"
25|43|56|183|183|183|"Moist"|"145433085"|"89619961"
0|0|0|15|21|46|"Moist"|"145433086"|"89619962"
15|21|46|25|43|56|"Wet"|"145433086"|"89619963"
25|43|56|183|183|183|"Moist"|"145433086"|"89619964"
0|0|0|15|21|46|"Moist"|"145433087"|"89619965"
15|21|46|25|43|56|"Wet"|"145433087"|"89619966"
25|43|56|183|183|183|"Moist"|"145433087"|"89619967"
0|0|0|25|28|46|"Moist"|"145433088"|"89619968"
25|28|46|25|43|56|"Wet"|"145433088"|"89619969"
25|43|56|183|183|183|"Moist"|"145433088"|"89619970"
0|0|0|25|28|46|"Moist"|"145433092"|"89619971"
25|28|46|25|43|56|"Wet"|"145433092"|"89619972"
25|43|56|183|183|183|"Moist"|"145433092"|"89619973"
0|0|0|15|21|46|"Moist"|"145433093"|"89619974"
15|21|46|25|43|56|"Wet"|"145433093"|"89619975"
25|43|56|183|183|183|"Moist"|"145433093"|"89619976"
0|0|0|15|21|46|"Moist"|"145433094"|"89619977"
15|21|46|25|43|56|"Wet"|"145433094"|"89619978"
25|43|56|183|183|183|"Moist"|"145433094"|"89619979"
34|43|61|36|51|66|"Wet"|"145433095"|"89619980"
36|51|66|183|183|200|"Moist"|"145433095"|"89619981"
0|0|0|34|43|61|"Moist"|"145433095"|"89619982"
34|43|61|36|51|66|"Wet"|"145433097"|"89619983"
36|51|66|183|183|200|"Moist"|"145433097"|"89619984"
0|0|0|34|43|61|"Moist"|"145433097"|"89619985"
0|0|0|34|43|61|"Moist"|"145433099"|"89619986"
34|43|61|36|51|66|"Wet"|"145433099"|"89619987"
36|51|66|183|183|200|"Moist"|"145433099"|"89619988"
36|51|66|183|183|200|"Moist"|"145433100"|"89619989"
0|0|0|34|43|61|"Moist"|"145433100"|"89619990"
34|43|61|36|51|66|"Wet"|"145433100"|"89619991"
34|43|61|36|51|66|"Wet"|"145433102"|"89619992"
36|51|66|183|183|200|"Moist"|"145433102"|"89619993"
0|0|0|34|43|61|"Moist"|"145433102"|"89619994"
34|43|61|36|51|66|"Wet"|"145433104"|"89619995"
36|51|66|183|183|200|"Moist"|"145433104"|"89619996"
0|0|0|34|43|61|"Moist"|"145433104"|"89619997"
0|0|0|15|21|46|"Moist"|"145433107"|"89619998"
15|21|46|25|43|56|"Wet"|"145433107"|"89619999"
25|43|56|183|183|183|"Moist"|"145433107"|"89620000"
0|0|0|15|21|46|"Moist"|"145433108"|"89620001"
15|21|46|25|43|56|"Wet"|"145433108"|"89620002"
25|43|56|183|183|183|"Moist"|"145433108"|"89620003"
0|0|0|15|21|46|"Moist"|"145433109"|"89620004"
15|21|46|25|43|56|"Wet"|"145433109"|"89620005"
25|43|56|183|183|183|"Moist"|"145433109"|"89620006"
0|0|0|15|21|46|"Moist"|"145433110"|"89620007"
15|21|46|25|43|56|"Wet"|"145433110"|"89620008"
25|43|56|183|183|183|"Moist"|"145433110"|"89620009"
0|0|0|15|21|46|"Moist"|"145433111"|"89620010"
15|21|46|25|43|56|"Wet"|"145433111"|"89620011"
25|43|56|183|183|183|"Moist"|"145433111"|"89620012"
0|0|0|25|28|46|"Moist"|"145433112"|"89620013"
25|28|46|25|43|56|"Wet"|"145433112"|"89620014"
25|43|56|183|183|183|"Moist"|"145433112"|"89620015"
0|0|0|25|28|46|"Moist"|"145433116"|"89620016"
25|28|46|25|43|56|"Wet"|"145433116"|"89620017"
25|43|56|183|183|183|"Moist"|"145433116"|"89620018"
0|0|0|15|21|46|"Moist"|"145433117"|"89620019"
15|21|46|25|43|56|"Wet"|"145433117"|"89620020"
25|43|56|183|183|183|"Moist"|"145433117"|"89620021"
0|0|0|15|21|46|"Moist"|"145433118"|"89620022"
15|21|46|25|43|56|"Wet"|"145433118"|"89620023"
25|43|56|183|183|183|"Moist"|"145433118"|"89620024"
0|0|0|0|31|31|"Moist"|"145433119"|"89620025"
0|31|31|20|38|51|"Wet"|"145433119"|"89620026"
20|38|51|183|183|183|"Moist"|"145433119"|"89620027"
0|15|25|20|38|51|"Wet"|"145433120"|"89620028"
20|38|51|183|183|183|"Moist"|"145433120"|"89620029"
0|0|0|0|15|25|"Moist"|"145433120"|"89620030"
0|31|31|20|38|51|"Wet"|"145433121"|"89620031"
20|38|51|183|183|183|"Moist"|"145433121"|"89620032"
0|0|0|0|31|31|"Moist"|"145433121"|"89620033"
0|0|0|0|0|15|"Moist"|"145433122"|"89620034"
0|0|15|20|38|51|"Wet"|"145433122"|"89620035"
20|38|51|183|183|183|"Moist"|"145433122"|"89620036"
20|38|51|183|183|183|"Moist"|"145433123"|"89620037"
0|0|0|0|0|15|"Moist"|"145433123"|"89620038"
0|0|15|20|38|51|"Wet"|"145433123"|"89620039"
20|38|51|183|183|183|"Moist"|"145433124"|"89620040"
0|0|0|0|0|15|"Moist"|"145433124"|"89620041"
0|0|15|20|38|51|"Wet"|"145433124"|"89620042"
0|15|25|20|38|51|"Wet"|"145433125"|"89620043"
20|38|51|183|183|183|"Moist"|"145433125"|"89620044"
0|0|0|0|15|25|"Moist"|"145433125"|"89620045"
0|0|15|20|38|51|"Wet"|"145433126"|"89620046"
20|38|51|183|183|183|"Moist"|"145433126"|"89620047"
0|0|0|0|0|15|"Moist"|"145433126"|"89620048"
0|0|0|0|8|15|"Moist"|"145433127"|"89620049"
0|8|15|20|38|51|"Wet"|"145433127"|"89620050"
20|38|51|183|183|183|"Moist"|"145433127"|"89620051"
20|38|51|183|183|183|"Moist"|"145433128"|"89620052"
0|0|0|0|15|25|"Moist"|"145433128"|"89620053"
0|15|25|20|38|51|"Wet"|"145433128"|"89620054"
20|38|51|183|183|183|"Moist"|"145433129"|"89620055"
0|0|0|0|0|15|"Moist"|"145433129"|"89620056"
0|0|15|20|38|51|"Wet"|"145433129"|"89620057"
0|0|0|0|0|15|"Moist"|"145433130"|"89620058"
0|0|15|20|38|51|"Wet"|"145433130"|"89620059"
20|38|51|183|183|183|"Moist"|"145433130"|"89620060"
36|51|66|183|183|200|"Moist"|"145433133"|"89620061"
0|0|0|34|43|61|"Moist"|"145433133"|"89620062"
34|43|61|36|51|66|"Wet"|"145433133"|"89620063"
34|43|61|36|51|66|"Wet"|"145433134"|"89620064"
36|51|66|183|183|200|"Moist"|"145433134"|"89620065"
0|0|0|34|43|61|"Moist"|"145433134"|"89620066"
36|51|66|183|183|200|"Moist"|"145433135"|"89620067"
0|0|0|34|43|61|"Moist"|"145433135"|"89620068"
34|43|61|36|51|66|"Wet"|"145433135"|"89620069"
34|43|61|36|51|66|"Wet"|"145433136"|"89620070"
36|51|66|183|183|200|"Moist"|"145433136"|"89620071"
0|0|0|34|43|61|"Moist"|"145433136"|"89620072"
34|43|61|36|51|66|"Wet"|"145433138"|"89620073"
36|51|66|183|183|200|"Moist"|"145433138"|"89620074"
0|0|0|34|43|61|"Moist"|"145433138"|"89620075"
0|0|0|34|43|61|"Moist"|"145433139"|"89620076"
34|43|61|36|51|66|"Wet"|"145433139"|"89620077"
36|51|66|183|183|200|"Moist"|"145433139"|"89620078"
61|69|91|66|74|97|"Wet"|"145433145"|"89620079"
66|74|97|152|183|200|"Moist"|"145433145"|"89620080"
0|0|0|61|69|91|"Moist"|"145433145"|"89620081"
0|0|0|61|69|91|"Moist"|"145433147"|"89620082"
61|69|91|66|74|97|"Wet"|"145433147"|"89620083"
66|74|97|152|183|200|"Moist"|"145433147"|"89620084"
61|69|91|66|74|97|"Wet"|"145433148"|"89620085"
66|74|97|152|183|200|"Moist"|"145433148"|"89620086"
0|0|0|61|69|91|"Moist"|"145433148"|"89620087"
61|69|91|66|74|97|"Wet"|"145433152"|"89620088"
66|74|97|152|183|200|"Moist"|"145433152"|"89620089"
0|0|0|61|69|91|"Moist"|"145433152"|"89620090"
61|69|91|66|74|97|"Wet"|"145433154"|"89620091"
66|74|97|152|183|200|"Moist"|"145433154"|"89620092"
0|0|0|61|69|91|"Moist"|"145433154"|"89620093"
0|0|0|15|21|46|"Moist"|"145433167"|"89620094"
15|21|46|25|43|56|"Wet"|"145433167"|"89620095"
25|43|56|183|183|183|"Moist"|"145433167"|"89620096"
0|0|0|15|21|46|"Moist"|"145433168"|"89620097"
15|21|46|25|43|56|"Wet"|"145433168"|"89620098"
25|43|56|183|183|183|"Moist"|"145433168"|"89620099"
0|0|0|15|21|46|"Moist"|"145433169"|"89620100"
15|21|46|25|43|56|"Wet"|"145433169"|"89620101"
25|43|56|183|183|183|"Moist"|"145433169"|"89620102"
0|0|0|15|21|46|"Moist"|"145433170"|"89620103"
15|21|46|25|43|56|"Wet"|"145433170"|"89620104"
25|43|56|183|183|183|"Moist"|"145433170"|"89620105"
0|0|0|15|21|46|"Moist"|"145433171"|"89620106"
15|21|46|25|43|56|"Wet"|"145433171"|"89620107"
25|43|56|183|183|183|"Moist"|"145433171"|"89620108"
0|0|0|25|28|46|"Moist"|"145433172"|"89620109"
25|28|46|25|43|56|"Wet"|"145433172"|"89620110"
25|43|56|183|183|183|"Moist"|"145433172"|"89620111"
0|0|0|25|28|46|"Moist"|"145433176"|"89620112"
25|28|46|25|43|56|"Wet"|"145433176"|"89620113"
25|43|56|183|183|183|"Moist"|"145433176"|"89620114"
0|0|0|15|21|46|"Moist"|"145433177"|"89620115"
15|21|46|25|43|56|"Wet"|"145433177"|"89620116"
25|43|56|183|183|183|"Moist"|"145433177"|"89620117"
0|0|0|15|21|46|"Moist"|"145433178"|"89620118"
15|21|46|25|43|56|"Wet"|"145433178"|"89620119"
25|43|56|183|183|183|"Moist"|"145433178"|"89620120"
36|51|66|183|183|200|"Moist"|"145433179"|"89620121"
0|0|0|34|43|61|"Moist"|"145433179"|"89620122"
34|43|61|36|51|66|"Wet"|"145433179"|"89620123"
36|51|66|183|183|200|"Moist"|"145433181"|"89620124"
0|0|0|34|43|61|"Moist"|"145433181"|"89620125"
34|43|61|36|51|66|"Wet"|"145433181"|"89620126"
36|51|66|183|183|200|"Moist"|"145433182"|"89620127"
0|0|0|34|43|61|"Moist"|"145433182"|"89620128"
34|43|61|36|51|66|"Wet"|"145433182"|"89620129"
34|43|61|36|51|66|"Wet"|"145433183"|"89620130"
36|51|66|183|183|200|"Moist"|"145433183"|"89620131"
0|0|0|34|43|61|"Moist"|"145433183"|"89620132"
0|0|0|34|43|61|"Moist"|"145433184"|"89620133"
34|43|61|36|51|66|"Wet"|"145433184"|"89620134"
36|51|66|183|183|200|"Moist"|"145433184"|"89620135"
36|51|66|183|183|200|"Moist"|"145433188"|"89620136"
0|0|0|34|43|61|"Moist"|"145433188"|"89620137"
34|43|61|36|51|66|"Wet"|"145433188"|"89620138"
61|69|91|66|74|97|"Wet"|"145433204"|"89620139"
66|74|97|152|183|200|"Moist"|"145433204"|"89620140"
0|0|0|61|69|91|"Moist"|"145433204"|"89620141"
0|0|0|61|69|91|"Moist"|"145433205"|"89620142"
61|69|91|66|74|97|"Wet"|"145433205"|"89620143"
66|74|97|152|183|200|"Moist"|"145433205"|"89620144"
0|0|0|61|69|91|"Moist"|"145433206"|"89620145"
61|69|91|66|74|97|"Wet"|"145433206"|"89620146"
66|74|97|152|183|200|"Moist"|"145433206"|"89620147"
0|0|0|61|69|91|"Moist"|"145433213"|"89620148"
61|69|91|66|74|97|"Wet"|"145433213"|"89620149"
66|74|97|152|183|200|"Moist"|"145433213"|"89620150"
66|74|97|152|183|200|"Moist"|"145433214"|"89620151"
0|0|0|61|69|91|"Moist"|"145433214"|"89620152"
61|69|91|66|74|97|"Wet"|"145433214"|"89620153"
36|51|66|183|183|200|"Moist"|"145433218"|"89620154"
0|0|0|34|43|61|"Moist"|"145433218"|"89620155"
34|43|61|36|51|66|"Wet"|"145433218"|"89620156"
0|0|0|34|43|61|"Moist"|"145433219"|"89620157"
34|43|61|36|51|66|"Wet"|"145433219"|"89620158"
36|51|66|183|183|200|"Moist"|"145433219"|"89620159"
34|43|61|36|51|66|"Wet"|"145433221"|"89620160"
36|51|66|183|183|200|"Moist"|"145433221"|"89620161"
0|0|0|34|43|61|"Moist"|"145433221"|"89620162"
0|0|0|34|43|61|"Moist"|"145433223"|"89620163"
34|43|61|36|51|66|"Wet"|"145433223"|"89620164"
36|51|66|183|183|200|"Moist"|"145433223"|"89620165"
0|0|0|34|43|61|"Moist"|"145433224"|"89620166"
34|43|61|36|51|66|"Wet"|"145433224"|"89620167"
36|51|66|183|183|200|"Moist"|"145433224"|"89620168"
0|0|0|34|43|61|"Moist"|"145433225"|"89620169"
34|43|61|36|51|66|"Wet"|"145433225"|"89620170"
36|51|66|183|183|200|"Moist"|"145433225"|"89620171"
0|0|0|15|21|46|"Moist"|"145433227"|"89620172"
15|21|46|25|43|56|"Wet"|"145433227"|"89620173"
25|43|56|183|183|183|"Moist"|"145433227"|"89620174"
15|21|46|25|43|56|"Wet"|"145433229"|"89620175"
25|43|56|183|183|183|"Moist"|"145433229"|"89620176"
0|0|0|15|21|46|"Moist"|"145433229"|"89620177"
0|0|0|25|28|46|"Moist"|"145433230"|"89620178"
25|28|46|25|43|56|"Wet"|"145433230"|"89620179"
25|43|56|183|183|183|"Moist"|"145433230"|"89620180"
0|0|0|15|21|46|"Moist"|"145433231"|"89620181"
15|21|46|25|43|56|"Wet"|"145433231"|"89620182"
25|43|56|183|183|183|"Moist"|"145433231"|"89620183"
15|21|46|25|43|56|"Wet"|"145433233"|"89620184"
25|43|56|183|183|183|"Moist"|"145433233"|"89620185"
0|0|0|15|21|46|"Moist"|"145433233"|"89620186"
0|0|0|15|21|46|"Moist"|"145433235"|"89620187"
15|21|46|25|43|56|"Wet"|"145433235"|"89620188"
25|43|56|183|183|183|"Moist"|"145433235"|"89620189"
0|0|0|15|21|46|"Moist"|"145433236"|"89620190"
15|21|46|25|43|56|"Wet"|"145433236"|"89620191"
25|43|56|183|183|183|"Moist"|"145433236"|"89620192"
0|0|0|25|28|46|"Moist"|"145433237"|"89620193"
25|28|46|25|43|56|"Wet"|"145433237"|"89620194"
25|43|56|183|183|183|"Moist"|"145433237"|"89620195"
15|21|46|25|43|56|"Wet"|"145433238"|"89620196"
25|43|56|183|183|183|"Moist"|"145433238"|"89620197"
0|0|0|15|21|46|"Moist"|"145433238"|"89620198"
